# Tue Sep 16 14:25:37 2025

# input dimensionality
5

# covariance function
CovSum(CovSEard, CovNoise)

# log-hyperparameter
0.5488238280878762 0.8216429027577331 -0.06715330125297846 0.7941326454131198 0.7650078000418677 -2.070309067977514 -5.853479795354613

# data (target value in first column) u v r tl tr
-0.6018644831577507 2.03508742400499 0.7459359271122971 0.282791598397951 -0.06600346374646175 -0.0768186346400484
0.2635452696382176 1.359809793609215 1.7804545481620695 -0.35111391493621424 0.4237922157749847 0.33662116685095517
0.08720652297902344 1.724230440304032 -0.21521051115301842 -0.020863050073955215 0.21301698518874557 0.043841200044685516
0.303065539339393 -0.15818038486902425 -1.75747963489344 0.4915062566847805 -0.3065118128995959 0.4112124046689157
0.7054470981164709 1.4259143122117905 -0.8714790637622458 -0.42631997445737335 0.583465971893535 -0.44790156526763
0.07664895662782456 -0.09088013415732361 -0.5393506302371062 0.5658560626435677 -0.3797143521724851 0.4678035983192659
0.01965644353918733 0.9157394738543639 2.45721802827451 -0.37142984036089466 0.5184475378102947 0.3395796306300232
0.22190320736355432 1.6170170103852015 0.8431781114617335 -0.17906770473694145 0.3291071130178205 0.3142713209103802
-0.3886485670577924 0.795321835171087 -1.2835121299938703 0.6375874924351657 -0.05747367964329274 0.35906553974147704
-0.052229354693295794 0.9014892617070093 -2.3016841725783577 0.3850555582425172 0.3016393336356981 0.5602846454742785
-0.8253343056651113 1.5233976073083042 -0.33473165523480813 0.5785976271002624 -0.023723535613212443 0.349160424149582
-0.028555708556910073 2.2722379214555533 0.012153993978852636 0.013154697411875072 0.5366172418246475 0.527810377015832
0.07520173391395787 1.3303029899737695 2.414334306331053 -0.2931726668083202 0.4840846594962272 0.3180911121685645
0.3586992770255863 0.518170875184941 0.36418483725229234 -0.6708509588615088 0.5255846886077238 0.2634619231027267
-0.03691251179551789 0.9255433750376557 -1.1581298939599942 0.15036692957318787 0.4243458638816708 -0.30630600981911776
-0.10260178095903383 1.0004551423534627 0.052640380982339724 0.05824192261197877 -0.5333187643973237 -0.5365375451482698
0.1798184709079385 0.4644567271443847 1.2285986167087228 -0.5361061410557897 0.06710979016779511 0.05360339993407776
-0.21109101451701653 0.7022115280306894 -1.4915076720593132 0.5189396607954297 0.12931658640731467 0.5752248732804541
0.0867554486542249 2.0974845149135706 0.04683816086326968 -0.04548322087051528 0.4723242017336806 0.42628038062853113
0.039969166527156146 1.6115661605859255 2.286212122687033 -0.20761267568862257 0.494377736342968 0.39483354741432325
-0.002448996076309242 -0.5016606294601357 -0.0020644656230749655 -0.04256904702841274 -0.29092858752898143 -0.2836213122198122
0.056296699931967384 1.0260569934456671 2.339624033232252 -0.3442188737120248 0.48116415158651615 0.369122658061787
-0.06216470266291646 0.9217860860207229 -2.2871740109221506 0.38871464154408136 0.2743449098653526 0.5568485877014716
0.1957932038834862 1.4306611020435982 0.02008537250163556 -0.1125106442539274 0.4751987995145815 0.2384444486880835
0.005198076651651801 -1.089475727459374 0.10964038031169811 0.03656864703012443 -0.2971504712834098 -0.22245930294794572
-0.2814989945236125 1.25982834288053 -0.35340674390787424 0.22295129552352744 0.372341607248206 0.6314817030379457
0.10234626054481308 2.1928717260881023 0.037344141092569505 -0.053094706552261395 0.45228529872511714 0.4660786172132372
0.0429551167304257 0.9741259518381047 2.4491670455139403 -0.367017315599531 0.48324136951964974 0.2768716638858259
-0.06532164389180684 0.8105280829956567 -2.316191587836782 0.4525885375390674 0.23814290451726947 0.6199076075314345
-0.9726525894488607 1.454344044075879 -0.8124712377742074 1.0418706981677819 -0.7310028331041364 0.00764458078990678
0.45250561018687513 2.9864197789089943 0.16247104225165176 -0.31269737979191814 0.7729058359105617 0.5441965390950894
0.05970266034251082 0.10944792604284743 -1.4150075156870439 0.6819642198070114 -0.01990260477896277 0.43088527775278845
0.4920115207014276 0.7870133472109996 0.7298256606183655 -0.6516316981108431 0.4702742267401936 -0.279797355323111
-0.0099905727915051 -0.9999698045585638 -0.014988051075139862 -0.0016192520131382518 0.07720791309965813 0.023792389646728255
0.15728299299321855 -0.1430461451031361 -0.9378508109465439 0.7593969809190356 -0.2551084353695022 0.4490469996414428
-0.277327006010726 2.889906989925357 -0.013083680930745627 0.15761712532381913 0.5118734153018556 0.5537062100949016
-0.0926839814135237 0.09618571775301721 1.2609787111968827 -0.28477428723482506 -0.1404611958557599 0.3976742301215247
-0.0229853473283682 0.4333178492797069 1.433085233705029 -0.2376760830130782 -0.5318684214045128 0.6150213758447036
-0.723698150838317 3.0238379716944355 -0.27552577560668035 0.580188188024686 0.421808240721899 0.6035037707994039
0.12571362326006047 2.1048474990339474 2.1376114703142344 -0.23364517943410174 0.34902057763351857 -0.25067693437690064
-0.060496858236204466 -0.7356995923171937 0.21117364714017378 -0.0506918066075329 -0.40059682408860575 -0.43274282004422526
-0.4144061526410543 1.518230849162157 0.8533179122412397 0.18349072836013497 -0.39629181030108757 0.25755073045515736
0.03445043410587437 0.9292960039976735 2.501354614611102 -0.3820966766708419 0.4493534989025756 0.22431852717483605
-0.02619415364053853 0.17962973989671255 0.12149944984996207 0.03419364923459252 -0.4472695214908982 -0.2291868252073215
-0.04993507877253907 0.8997934273008195 -2.1941226584242384 0.3579021322765669 0.2688922278678758 0.39835968350816764
0.0481857189524722 0.7520004029943049 2.1873858434844577 -0.42906854309940234 0.5090255203760135 0.25874593069584306
-0.08570610210989354 0.12243582926285736 -0.6123630253289479 0.8015877524078322 -0.38558192826954574 0.7127344573936649
-0.055693491540731756 0.9690017576849128 -2.450951112465643 0.39877323939359227 0.2977389646661882 0.6544166118438265
-0.059119228964540055 0.617253499912352 -2.3514685514886513 0.6313753864054622 0.18332108698269314 1.0795647937764001
0.1376880842724342 1.2523209369090185 2.6143877267393 -0.3949492919068762 0.10468611896748055 -0.11609271448770189
-0.20197523915913465 2.228653474036182 -0.0052698078414046105 0.10790545605579417 0.43389296820411516 0.5847496582907492
-0.08368737137006581 0.3509389950065241 -1.2584152615490565 0.5888995515010246 -0.3261374795441292 0.5271849973469541
-0.21017662616754662 0.14534554311758546 2.530940011561139 -0.565768405173801 0.3923816659739985 0.07875852113113077
0.06282828507330654 -0.5670937969133698 -0.15504433717219523 0.17584216355326918 -0.6814713409516535 -0.6834318786491796
-0.01362101686093164 0.7739958852511052 -2.238686381646162 0.37306940408110173 0.21317272242199067 0.41378655417897936
-0.04164501437487914 0.8667376960648879 -2.2044310557700424 0.3613665165678336 0.2561961715034821 0.38641531207279495
-0.4033723365122553 2.014569501386427 -0.11954691075747578 0.23156763639284197 0.03554290244031349 0.6680766350442731
-0.16056391132305736 1.8975536091390939 -0.09555924970818268 0.09784989765026139 0.24182797016168275 0.5599433405520653
-0.10267734475983863 -0.17114643546510339 0.3726242121047454 -0.7299693830964924 0.5219212133739521 -0.40025802741308
0.24422871312284128 0.9544878544341469 -1.9196208987709436 -0.033346901829145376 0.5548020829834325 -0.00748622940088183
0.034272403599395866 0.8141848284681587 2.226461006005584 -0.4311362147061547 0.6190513652713419 0.5687537664633758
-0.3393066861914896 0.5155915595099246 -0.6305571339629662 0.6371698209054555 -0.36574521830801343 0.36790781792525035
-0.03194859622654319 0.9972144201046923 -2.335073790732931 0.3308094765765212 0.33733438856041015 0.43754435953130694
0.021583014218139386 1.0859330596919003 -2.0602457419829965 0.21865429791459925 0.32849075922858856 0.36333055318902224
0.06905471391946928 0.16373165927358496 0.8184910788535867 -0.6690707234563724 0.39895780940856634 -0.28853890198114496
0.006335984985231791 0.03043432706331996 0.0011354143389712898 -0.03751838767717824 0.27786424732184567 0.0764582814466745
-0.04133983795320052 0.95159549745533 -2.4913239236913665 0.3977443358906007 0.2855062841613262 0.7016392496019849
-0.6584240357677162 1.1684313672108129 -0.9459383375535971 0.6537233462517738 -0.38311822367334747 0.6320083096719988
0.3705061055942814 -0.39789253051869 -1.388403265844367 0.7830762128983813 -0.00466215835308347 0.5630044435776295
-0.061403860577863546 -0.4900112522456478 0.12363085632859731 -0.05443193659672346 0.5508221810173463 0.5863084099938758
-0.01659711489188577 0.8338949332698317 -2.274035417719431 0.3464276277104248 0.3454905732101801 0.35253506845657473
-0.6843127969538034 1.4326296793529116 -0.6551640308405963 0.5228907148146434 -0.14601963533119333 0.5141545370673546
-0.02844725715467894 0.8018716479657856 2.4863527465632944 -0.3663230772303219 0.4982058344757976 0.40281671631371146
0.44690640586366404 0.9971229894166997 0.5958757729097268 -0.435851924746772 0.2560650518875678 0.6613381195374081
0.8509665187546424 1.5068468058323123 -0.02446673395780512 -0.5547051908365561 0.5468132629638114 -0.3423217871774746
-0.061026067419260976 -0.18278828124810853 -0.16035099980764697 -0.9258845242166306 0.700134893710602 -0.6502290617523613
0.05660653284989158 -1.0013393631023937 -0.01776777982247442 0.07904540923093868 -0.4116602581589186 -0.33430371852923574
0.12144969521076925 0.884777457435486 2.2213539397727247 -0.48403267065098127 0.606815611653625 0.2295834992990912
-0.0024146829443523424 2.2809448573120754 0.31153178888095523 -0.022771203934058546 0.2714120695288377 0.6179452057952047
-0.009055974558891873 2.457937063467168 -0.35640290428673516 0.03175224087667415 0.8530603395604469 0.37801307069264367
-0.04047108773103957 0.8054076600190911 2.525193318940116 -0.33482377754818554 0.44897050205971745 0.3023404547764067
-0.41872121201659057 -0.4633107484041102 1.262137664290458 -0.6172835664070417 0.6201884600649634 0.1951486482084927
0.014215964539415213 0.10401576259299544 0.7277794178062238 -0.6666063126449324 0.5673481753889391 -0.11153146847255825
-0.10434248957922901 0.55780689955007 0.18381878818634453 0.10602440050487606 0.43700243239722963 0.6011749843292918
0.057675618597058 1.7007283418085404 2.6664275775274375 -0.28671849894406826 0.28635006457745343 0.48827292763516383
-0.0885351706602029 1.3011374243854736 2.4313097625321802 -0.1453084738524821 0.34389182327406453 0.9468911058682565
0.22031163468026727 -0.2536950136248947 -0.9188928515853394 0.5363618748731103 0.2116721084159745 0.6269312184265753
0.304372272742765 -0.5099417606739872 -0.24558063159767513 0.9666402143144361 -0.7487487845499192 0.5294166601726426
-0.22599432235121283 0.6314048596517552 2.8161175754763166 -0.10804122164963256 0.4631563805751458 0.3038995993689443
-0.21175186992840792 0.6644757931940105 2.990921516229796 -0.13570939356634407 0.39430599535202104 0.09988340866712268
-0.18253245428317919 -0.04690859895095015 1.4032715720908604 -0.6090750713609957 0.6088976954112474 -0.22788727503881864
-0.016446158679188385 0.9252967510730651 -2.4165106704254944 0.3631368353663096 0.2042621160008241 0.5934809961860519
0.02245348869908955 0.8687628429692719 2.8975236149790122 -0.6181736548271001 0.45936207634978893 0.5073622330584466
0.02578779360548701 0.9390070647695391 2.6059603442965895 -0.5035334426052234 0.6905689034916178 0.7364402541000429
-0.18416025764018423 1.9360830497314558 2.1015541528155994 -0.01994314434671664 0.1940040233193358 0.7583731186309434
-0.17852405519905123 0.9909101365871826 2.3972543932802606 -0.046850184296474744 0.5624070798295783 0.3724414586707341
-0.012015570727055624 0.5492070143085583 -2.191700281433309 0.46691644115368797 0.3901762663916037 0.3156645150497984
-0.2054041727161584 0.6518947080573175 3.098137696193951 -0.1652241316195752 0.39558751810090764 0.009395290810500254
-0.026221418290160618 0.04918704217788443 -0.6190074551915297 0.6594138716556843 -0.08295057526000511 0.30406836849696184
-0.020603632144719504 0.026903735539821016 -0.6587204258813786 0.8648670555791568 -0.6118003527506216 0.5031800821172582
0.6427718986395169 1.9238977962800277 0.5250322802267805 -0.39511074237385707 0.612847071724687 0.22408965050472404
-0.19767478501181257 0.9745598441642367 -2.504127356637887 0.5839633513840455 0.378479222003553 0.31987706338221145
0.7493873295263463 2.179766390884424 -1.5080984158620048 -0.2784301553167413 0.4373641676221806 0.3769491630190393
-0.10259244992115116 0.7103985011553223 -2.2242940398038344 0.5553952346277615 0.27135107865346614 0.7614049563463395
-0.06517562683388424 2.0057244106528413 0.29863677577363207 0.005660633744974982 0.6969483741813263 0.778567374297429
0.27722892009000694 1.663079360342327 1.5515882526153022 -0.28864580291815 0.7378373638721178 0.07340821891154237
-0.6782852118915759 1.5759235681717154 -0.3610857602736965 0.4476044635103541 -0.5666093581852705 0.5659956068010468
0.2556982474343577 1.7523062580046036 -1.8219089716050991 0.003960652776818778 0.6063476331091304 0.26310139247552766
-0.3948811424314992 2.2380583189259724 -0.1854581284239425 0.23276229543367552 0.5663934623478767 0.3724993685278054
-0.08390943478527234 0.665540935525349 -2.2719298381041475 0.5311858682663197 0.4171786839906789 0.36880428022835354
-0.18193008392975898 0.6864604641585486 -2.6385635690596287 0.9062169555279673 0.4720887346984579 0.37184205303797113
-0.06876959933534377 0.9768786243840301 3.170952235304626 -0.5172681644950674 0.7161240703344295 0.8913323945284781
-0.1785311131083172 1.3192290922290275 2.51108585110596 -0.029912112646890386 0.16507319835577694 0.11521721025735526
-0.3412475122068133 0.5812100321895224 1.4492193079711484 0.22174738914240621 -0.43205030578409326 0.6423154292727188
-0.09378196511453879 0.6712217491467384 -2.22727665517816 0.5112895330920756 0.5194500846091074 0.1942447497809869
-0.4937213723915514 -0.5596693942029142 1.9713831939272064 -0.5756832786257747 0.4486594150683325 0.0954141312543773
0.06929930105342828 1.3674560342582616 2.777714605169611 -0.4317747983628035 0.860303319902564 0.6740423551410768
-0.0016640973491980628 1.1028057325085077 -2.2424621200291703 0.2833993621075624 0.19345053804973636 0.7860838535779103
-0.27872483807109993 -0.37285392880320045 0.6455792122107389 -0.7557143184100606 0.6212554280908987 -0.3313729387078149
0.07275890742965131 1.7454104955691352 -0.2902069465582878 -0.024685490313323625 0.8004394054237737 0.3798019061109859
0.06776638889237124 0.7943916681248957 -2.5136759358198146 0.27545270707872027 0.45514997565365567 0.3043742067107219
-0.00132127174875538 0.6584892977362287 2.4773184481366615 -0.5569408461963239 0.7264095481743429 0.2089066232746386
-0.3766036165708551 -0.1639855280895783 2.19723578891078 -0.5032384567127479 0.6947182914062162 0.33882248151607514
-0.03068463469743914 0.879684641377098 -2.0228604294972516 0.30419688714089366 0.34293166339771325 0.3245419237023357
-0.4519639571339804 1.1788371998371905 0.87026694144835 0.25301527985475963 -0.34486007569290383 0.6608921947371454
-0.11805219071949961 1.2340180603789201 -2.456819751588506 0.4260825561943224 0.023920016702169936 0.9848109346182683
0.09342797929230029 0.5283339882151998 -0.16957538580598538 -0.1319867280603152 0.7678312220652574 0.5221607349575175
-0.022151902934085314 0.6985339825441993 -2.894826658288314 0.5530745280248962 0.4081312834858234 0.34261325738849174
-0.060064043625338695 -1.225324266301094 0.10130451405472227 -0.10634768139107086 -0.7505319975248376 -0.5430018815636158
0.15233989864541625 1.364523506976352 2.2324429976521243 -0.3474210189655008 0.5346356350165482 0.47101051307889963
0.08817641721180156 2.3554570479806176 0.16433088704930784 -0.0690884938204553 0.6638356649446948 0.6914849498776927
0.6800866519367286 1.9661531626184972 -0.6950464052139034 -0.29663503956412063 0.3991183669491769 0.24022655550353453
-0.128677306159612 0.5690991861846606 -2.703595954369451 0.9966630941902275 0.5926684705791626 0.4139002727028817
0.6036581467345364 1.835400209208049 -2.2868356940225034 -0.19526355045140661 0.32934135803127773 0.28921311997618565
-0.15913450240712856 -0.14733741094181305 0.8855537632834892 -0.6994834785049492 0.4092725254456218 0.18377466052992186
-0.027964279286936934 0.8920908186162847 3.270362564325352 -0.5408110965379919 0.7235724001367042 -0.06869488589281923
-0.07310108215524823 0.7845171212417391 2.198738048790806 -0.2136301173518055 0.3233807871196372 0.40823766094650016
-0.1503292637786339 0.7469436212403837 -2.355280735554373 0.6075342959520087 0.5312252747209599 0.39544238084630706
0.053049163584582386 0.1760456939907 0.8816711526225136 -0.6916160639910564 0.6088204997528575 -0.5503886035389152
-0.018008041801400775 0.6801269742904001 -2.7018610757342074 0.4905057302995211 0.5653078694619926 0.35773409912933196
0.5189441114329858 1.3611163542066098 -1.7952603726914236 -0.2075701624174589 0.44887253323237203 0.4939282180663777
-0.04576028529016836 0.988923285042754 2.3807777849216682 -0.20237537114857854 0.9603638122592044 -0.030700108273091237
-0.9676543610488845 1.5532557401407967 0.45499601597216927 0.6224448141935782 -0.4933411779068824 0.6633054257691176
0.020935380926142996 -0.7936723066435608 -0.23909538312776482 -0.11873712022005561 -0.517483262968572 -0.31321240042535375
0.32712332025960655 0.808300074665372 1.1530578802994937 -0.5466401199782298 0.8292474297644071 -0.14125922855477008
0.39576689506875173 2.202037184923982 -0.35303891194123094 -0.18778244909889183 0.6904206300147478 0.7530750402132164
-0.3384184698706395 2.39886397013739 0.3937884964229983 0.14928401526518778 0.8054895052715318 0.41931979662726787
0.02588135912318012 0.27036893663128303 -2.038405749230525 0.851605869456349 -0.7598163967022813 0.6654869265482946
-0.7338483440941092 1.1245004071344102 1.1178054009482599 0.49672850619422093 -0.45313456456406154 0.3541728829988602
0.41455640789897 2.127580765972412 -1.5303712407687025 -0.09071385992466006 0.6520107921282904 0.20643238352739982
-0.245536620881508 1.1496184617286942 -1.719959048762142 0.40670931983808944 0.313955753174695 0.6449319110108771
0.1417354523787366 0.9296135646365916 -2.484539333221231 0.19372334136052657 0.12349501858901124 0.5458549196603935
0.5557939106188468 1.7342061059044611 1.3362670078692476 -0.4559680244525516 0.4789496842311896 0.2763644027776068
0.06375525738598602 0.12995968912316583 -1.3212620279966658 0.18785989997648556 0.6029776544617779 -0.5504241508930084
-0.15232535798304736 2.9992010966498315 0.1511066937004929 0.052099398545864664 0.7946078542145822 0.7047288850680119
-0.020940798265455186 0.26269595097188897 1.5367864929996569 -0.5448545371688224 0.3467032357109157 0.16147516946751073
-0.09178568133814029 0.6404592918263002 2.1889214910414614 -0.20487075597526858 0.42157821472241386 -0.014335775128501455
0.7459832764322419 1.360356144338023 0.7129953879606998 -0.5799871239659365 0.31460177159932345 -0.42679587110972805
0.0532942681374467 1.4560537818000503 1.4856899169262148 -0.1492083096362977 0.6936131812991795 0.6131266366305612
-0.1531349987595277 1.6566205014477469 2.612293895877451 -0.05022237979546402 0.7373873797739494 0.2801892343667121
0.16061540659881013 1.2051140610209203 1.6693564455929697 -0.2575373821262375 0.292724041900851 0.18187519745420663
-0.19764257781350505 0.7812923026111555 1.144235352913486 0.07007220711626042 -0.14510344988902624 0.4589800438695431
0.3766235894973953 1.8885208840386736 2.1459208252267707 -0.5746240430101635 0.17067090087644524 1.3440958413424529
0.27177711471349014 0.7177486297031401 -0.2436187218368237 -0.22292960131661352 -0.12940223676350146 -0.2208022828312471
0.14931084443179862 1.412519459745601 -2.609439430022342 0.10669335472426192 0.7182860767019578 0.178584011552612
-0.03434138148956698 2.265050039497944 -0.10893834947004906 0.03363517416337027 0.23185452881442106 0.34670028594906
0.04916090173709409 0.051555819734480035 -0.07685063431267569 -0.1718087376360666 -0.6941053909350601 -0.721988087763793
-0.08221761246422474 0.6378773458053562 2.105851543145773 -0.22995373249229006 0.26694205795594145 0.3052836954588129
0.10173440009955585 1.027738414705736 -2.564307490364824 0.22960750324730797 0.18862768346903222 0.6563316613722493
0.3573524787680465 0.8603755150430358 -1.1976462752184538 -0.24180280322612305 0.6094445700136032 -0.3228569465121036
0.26473824373292315 1.0654017216393494 -1.3222996624499932 -0.20313262546882224 -0.18007016979057083 -1.3813068085903706
-0.6260697587918964 1.3774976034571786 1.085241948062807 0.36018490053181124 -0.08961399997578329 0.6016438575892339
0.3311821643464966 0.5717783429762593 -1.9764825325492088 -0.03140343425051234 0.10454307848252141 0.8492019302856523
-0.019573066164058617 0.964398376081933 1.980542478634937 -0.1964630645677933 0.9639981242856909 0.1628308500119289
-0.2636138618632718 1.089449395614807 -1.486235847959926 0.39487213684397116 -0.1330512051963209 0.2740735855331071
-0.3588534624569487 0.7110999266530647 -1.4888923851459384 0.8178635914644987 0.5248959090201338 0.8123272875401645
-0.008303587987574438 -1.2083855612816972 -0.10328831959494568 0.016275674674770434 -0.24508826542044804 -0.6314881838235892
0.09607873131345791 2.5849585530935517 -0.35851873504404586 -0.006105625555516099 0.24351386624368132 0.33409238365628835
-0.2184476410333514 -0.41112890784281564 0.5068955336464618 -0.9504586411666476 0.27007033216994053 -0.9630432255676724
-0.017875491678547288 0.6829046879787308 2.1918759548367284 -0.28828045634417976 0.3051450822943773 -0.14598936981690397
0.21308883314053262 1.0884013956265814 -2.660508402422459 0.11309425031728085 0.25028518068047995 0.9168616033073497
-0.9427599144087493 1.4193811061204482 -0.578600696713304 0.9939559168152903 0.23402655117436277 0.9393598498000071
-0.21866045916408822 2.099341301919066 2.5807140504567885 -0.010954221284294166 0.4684681584816098 0.33694296437489724
0.1757581050664683 0.9473107641617586 -2.5420395623527092 0.16240837909257003 0.09597309170973478 0.5706482542119357
0.22627652381264593 2.1691001113757973 2.205427683026351 -0.37551018385787643 0.7466324516389639 0.672362913982308
0.3693979732926782 1.6165916701918324 2.433099543722699 -0.5891492078169507 0.7488700185074172 0.022132031774475272
0.5006102313860957 1.1080056672816279 1.873383038787435 -0.7745931165490963 0.2433477901504037 0.10699775672121813
-0.09504418916049658 0.592775723833997 -1.2068563083339872 0.3378811285075302 0.2658226121498004 0.25318151113811754
-0.07350117806762828 -0.15267390695536348 0.20933450049910332 0.1481383221710539 -0.17515715808104584 -0.7375947756151326
-0.6117956340363848 1.3846215952550303 0.49347579148507603 0.3760599022331716 0.21148090192508268 0.520931735153885
-0.20645999480977734 0.9419571192393432 -2.0117864240426124 0.4748495412813466 0.653714970229787 0.3863256345521699
-0.07492031790313326 -0.022596422180021673 1.1009764274342924 -0.8492837895091299 0.42253534369692086 -0.36664586491933393
-0.1775576130326328 1.033426476253468 2.881739257766367 -0.12069692980526575 0.2718745175911342 0.6750090405528955
-0.31760526556371443 1.3121294053611257 0.758004675406016 0.159718414258628 0.07633524740265102 0.6301260312061548
0.17270108787847044 0.021784115944467265 -0.16268061806021397 -0.9368706022402089 0.17046174453513743 -0.057114919845602775
0.9153711264456333 1.465985140216535 0.6608105499774026 -0.9538819669922527 0.8053512401197515 -0.9544483188815539
-0.29444870611421425 0.5972961871316818 -1.5592503712286536 0.8414821942244385 0.7152624419887643 0.2129233174682706
0.1311669889296851 0.46673766775716746 -2.1735450280578887 0.23053406399095092 0.8005519002703878 0.9849190033184442
-0.1462068785845952 0.7215376335160935 -2.2268866532828095 0.5862110869757055 0.5425344849880857 0.49437650772972874
0.8352773465043744 1.8978598093024333 -0.16005260823828257 -0.43880209442766877 0.4369608878553959 0.11064184481907657
