# Tue Sep 16 21:24:30 2025

# input dimensionality
5

# covariance function
CovSum(CovSEard, CovNoise)

# log-hyperparameter
0.7687386293113596 1.299930423629418 0.15636531429646766 1.4749149082595532 1.3674142912657088 -1.5387913068554677 -5.7582893037701375

# data (target value in first column) u v r tl tr
0.9285643961687429 3.0863832560260103 0.4759758076337144 -0.6602990714827792 1.021100207645502 1.630576010038402
-0.3483507229057183 -0.02984523004766897 2.602742445262589 -0.5397307486317467 0.5133162774882886 0.1793252341759075
-0.09386249360850245 0.4975440147330053 -2.841087858968416 1.5500454049245964 0.9036517754275737 1.10714650643564
-0.5079220733887418 0.47363735102075755 2.713873903328675 0.6343511895306683 1.2762709790694975 0.8272606248686849
0.15492653339042894 0.850735212119112 -1.9506859262537242 0.03819793192355901 0.6376636544523043 -0.18105682293038344
-0.1298960031431411 -0.24010695154335066 -0.0005650634321212253 -0.9406592454352739 0.8024809920590937 -0.6249425604596184
-0.3733660584468716 1.2952454798033157 1.3293950568421273 0.1552756404304692 -0.04523659013879867 0.2237856545440307
-0.2877848565357073 1.6470669874449995 0.0033844197647254037 0.16508357558682518 0.7001025669591652 0.5897295550259533
0.7210585919872732 -1.4611504411916567 0.05039280389099737 1.108186333480747 -0.7854920746239621 -0.47131613507147097
0.957582799038439 1.1265394851484678 0.7856864225493428 -1.4799946268842974 0.8945391918942602 -0.9195380165903294
-0.330552822846352 0.5481205379996518 -0.5007638772780556 0.5528029145943191 0.10108214842707455 0.20977415725975102
-0.6077733810634636 1.0040326747264021 -0.9531164967040822 0.6824393627667635 -0.5901870461105599 0.6950209836548416
0.9010260720929648 2.098734682978691 -1.108441422101274 -0.3899737830051969 0.4489077642372773 0.10378974683725394
0.16946285876921446 0.494773551164809 1.3297482464974282 -0.5018392719105647 -0.05286694779262788 0.21261329750038443
0.004600113558999366 -0.10459836136725874 -0.08418228028876379 0.051502605916648445 -0.7250105299941149 -0.6811706813869284
0.17915038394110186 2.5337152397891964 -0.22574741577485996 -0.07552261664352056 0.599691119270985 0.45936164552698816
-0.06548049299939818 2.0026728789832964 2.744538024599592 -0.15619629655279577 0.5743575404585075 0.40308364232882893
0.02417319915453194 -0.8212631152082499 -0.10019540124438417 0.03553600291765352 0.15450245854704275 -0.1729392555855765
0.08268289596509586 1.1993637339209529 1.9855871178847642 -0.26925200544488304 0.664263138371777 0.6086125386218343
0.33580197999127914 1.4734745954483845 -0.39969127527966936 -0.176756760962857 0.23609656224351883 -0.45317942326804184
-1.082678735734473 2.4253759457632156 -0.811292594311304 1.9287574408641246 -0.8455774318729968 0.9330255212703019
0.17466994317142887 0.333679128338317 0.8630253103538166 -0.7730590768939286 0.7421420450248776 0.17885300845869473
-0.13147667789654652 0.9939517893419137 -2.135680642761377 0.4024948753040837 0.01893182741949525 0.5013459656163045
0.002772505381346089 0.8261278437960404 -2.5409511659128996 0.39362514532531406 0.3269097691810663 0.6771558809839168
-0.9189975181803393 1.4849428371449156 0.9148464265207638 0.5493414304735087 -0.49282714301119535 0.6476574349666607
0.8122461512370227 1.9129437911196492 0.6874395750612697 -0.5254081731614902 0.8699267856113558 0.43905782760736684
0.055299480826792466 0.9030847459485645 -2.8534363447082978 0.3435704925776667 0.3354546458988816 0.5953793235457847
0.0564438688332403 0.4091002736286196 1.2283730160912933 -0.4758415286960848 0.7326057404359377 -0.3041858891461657
-0.3304261065183364 1.8322028764476626 -0.3800955608715606 0.20894204154455917 -0.3920427644009649 0.4306794703794933
0.12446757694668907 -0.2210996413938893 -0.42013206284656224 0.9312012834765531 -0.6977353201899178 0.4893676573597645
0.09423766879331189 0.4095485583461203 -0.21619023561436468 -0.10450692571656302 0.5004178443672711 0.5364138909582256
0.20807524926849036 -0.041035051792764975 -1.7825500494879642 0.6483613739022603 -0.03883966562280898 0.16173107333319134
0.02663827747240915 0.906085552489251 2.7302138124851427 -0.4408192235219153 0.525289920219955 0.31449841388047933
-0.18079397906210734 0.3296696067867965 1.5227862958579925 0.028653678155973337 -0.5197601942183703 0.6902412666458042
-0.24138974394752902 0.8070756655094024 -1.720516889802472 0.5403118963826673 0.5594697521198695 0.5773778592030742
0.45592880536172287 1.9741436836139257 -2.33630776935723 -0.07633481513320887 0.5570463711517671 0.4866486629719505
-0.4818135153481173 -0.6116991104300697 1.2683930070778175 -0.5575515402581224 0.6609829649692746 0.3931504953510387
0.11317691172402639 1.2057429982313688 2.5473081014596946 -0.3676967430985721 0.36473002383699765 0.24920218345135045
0.6694913671089336 1.2590633403790201 1.2644768561843927 -0.6460947551358239 0.5096395625251282 -0.5347240820088854
0.0654318126399853 -0.047729747094094256 0.1076941959846044 -0.6929523120432117 0.005406668750045355 0.011432326844120582
-0.4009492260686565 2.498859447718065 0.12877764546394868 0.18421141860889834 0.45302062326272 0.6293143514374255
0.23906243501082786 -0.2119525876420415 -0.9487917709937536 0.640999654723233 -0.11850825170005523 0.9050977398585075
0.16677011941628844 2.3416703755709714 0.27593410990923156 -0.10991974405879532 0.7607937732166734 0.4581593357933258
0.3509711203580763 1.7348857556908681 -0.09036158172496453 -0.17461851014626625 0.4846334803806493 0.9647353666187838
0.5014661358816639 1.7028460575797233 0.9144912398160779 -0.3377768313106693 0.05618803030697996 0.2647288035594992
0.8270977508250875 1.1669307439099101 -0.6980920003651174 -0.6147142920033047 0.6333796144287624 -0.5412506780096504
-0.0028355602408342262 -1.2566492614629796 0.048932399100225045 -0.007952751839037065 -0.6816436384667776 -0.5024034327734599
-0.12340250833112168 0.8789965017034499 2.7092616642013665 -0.26087296871302634 0.7167326948679301 0.35579606203439446
-0.23912960193849467 -0.2907956253980198 1.0451569425203917 -0.7891543604181434 0.3165192952319504 -0.7842070832411843
-0.8515176205850205 1.4926777220145415 -0.8358472668235393 0.6436828281004824 0.013314741232611388 0.31857675277970626
