# Tue Sep 16 21:30:59 2025

# input dimensionality
5

# covariance function
CovSum(CovSEard, CovNoise)

# log-hyperparameter
1.2431517497404008 1.3526888781386368 0.20444427082228545 -0.38926348661045074 -0.2613475367604444 -3.3659867527592695 -6.175199879393845

# data (target value in first column) u v r tl tr
0.1577470092697514 2.245830582848577 0.39842547516283844 -0.8164653215760379 0.8733661753247365 1.5563411097924462
0.02585126422751902 0.23243604980512483 2.6665680911371816 -0.4285840088068023 0.5072261600546277 0.1778570428631593
-0.25408371533622326 0.5267287835482353 -2.9144381322531703 1.1022512987009832 1.0120774947297033 1.1022001776958883
-0.08702770976857822 0.5411187417866431 2.8173580674883554 0.34290725416127593 1.405475768846028 0.8654470483856898
-0.22492789739343746 0.6385656551599921 -2.4085731179136998 0.33651493365734586 0.4982083361660859 0.467508205563471
0.3334871375542912 -0.44486875477404486 -0.28346600586090803 -0.985732364836004 0.5176379712238974 -0.6996906101753322
-0.1650518748543556 1.4152426652934844 1.3229927056570479 0.42429317298026353 -0.33635211154976846 0.5481649498165484
-0.14183732805243027 1.4928607920764656 -0.08033654835502099 0.06932981191460702 0.5198702116453032 0.36296189967047543
-0.1038995495465591 -1.3320118723339363 0.31635744634613056 1.1165892515196834 -0.8246182313164934 -0.7716541687996014
0.2430234633939584 1.6162399430240137 0.5722363531863568 -0.6193412139218774 0.5395868490182083 -0.30153499178245236
-0.13165897191344522 0.12358522563967184 -0.38387474600040145 0.5287343989490368 -0.10763771818816545 0.5642323045133155
-0.26989572330705097 1.2430619783524262 -1.116029313781322 0.6446869333490457 -0.38772494534170854 0.5267045742089799
-0.19748600578677952 0.46334064748837567 -1.4034331590926863 0.17234658088354726 0.5200214607639102 -0.2968417530534233
0.350598286791373 0.35577575009743795 1.4803721550567646 -0.5398041697673169 0.00018135693124108807 0.2171727302259673
0.015543314573495993 0.43881584507475563 0.014315345573154137 -0.005328887522847207 -0.43102249186794706 -0.4347533650443587
-0.0007291981194001132 2.5136261166859146 -0.33122354537744964 -0.02324807189379727 0.4397905924185808 0.4263693573996566
0.04973374095681262 2.0808431795068407 2.765377484800945 -0.16740146072482678 0.501469545199496 0.43363591707708304
-0.014118872141547075 -0.9815936735070965 -0.06689274070934385 0.03797782727130537 -0.08953360963845419 -0.12455866909491117
-0.069946963306512 1.5146860409859921 2.1916977364759878 -0.22542591640260304 0.5485821849624245 0.21017931596928252
0.1277547578217041 1.5487348387869102 -1.188734470482971 -0.3875371789756604 0.55758864279142 -0.311943346512001
-0.0559297906639871 2.06419844373343 -0.46979177964576085 0.518789566128328 -0.03692652266968865 0.5590586707917283
0.18698637517672018 0.28381879040118413 0.7940003832802511 -0.6485178841798689 0.5724042181004841 -0.13966263824745964
0.01949699727475465 0.9490588516848351 -2.065799454170413 0.26800695721889234 0.19918774613291806 0.5113110250770537
-0.024379477072763826 0.8017181153885812 -2.574742285768751 0.38604457180905344 0.2742888590763265 0.5855506939124229
-0.13661652174526112 1.8006904977951006 0.3812469100660418 0.237869698335713 -0.1920794109342932 0.30778123810726343
0.17286835587562807 1.90726668064879 0.6098056609504497 -0.484192888356928 0.48617115897042856 0.33031778597854405
-0.03973706678609607 0.8865984609957279 -2.918405719645451 0.35154764734249394 0.25491607666928207 0.4958066742666253
0.35447850641709355 0.2773242484205689 1.3105598266451641 -0.726826384333677 0.42964163791431575 -0.3961196513468958
-0.35667541491420246 0.37871996879903463 -0.6075254503353231 0.653586702940502 -0.28283413453181894 0.3489130148018982
-0.2649086120848394 -0.5658132329113357 -0.4224826696248527 0.9486513961161911 -0.6554472941401271 0.5165113956001651
0.08430210202335436 0.09995288306527396 0.07288773145925485 -0.12798249443222645 0.45530090740532464 0.5008554851607178
-0.34239449127584537 0.13552577621706405 -1.3013597513314872 0.7701479563369684 0.15526836963117183 0.3709517341224773
0.1251107100430752 0.8390098633783306 2.549362007318039 -0.5154760608704251 0.5345916232830507 0.3581149960721761
0.13339982249595791 0.2595531287578442 1.5983729359332175 -0.14559415638008844 -0.33545897615813436 0.5286447698809101
-0.09412024950431026 1.1643295497538562 -1.6568358602349056 0.6245759215596436 0.2282193498326019 0.6011179855110989
0.02087317481458972 2.05517354650622 -2.3852106482149957 -0.22570892761121616 0.5411104894250196 0.2759151161027848
0.06972331888081801 -1.003090782886463 1.608049700955286 -0.7306723112627577 0.5582108568116445 0.107239545911333
0.028016133990660014 1.2333893235948081 2.6527963740412397 -0.31702606961754926 0.4475368541863916 0.20733953459558158
0.14524865826139535 0.8820538573171559 1.320208831525879 -0.4079976469906395 0.4448457524901207 0.2665039926775899
0.37571950854105685 0.04942473027998048 -0.1534071925941754 -0.7888569960002143 0.38950898226901615 -0.055339373407527814
0.01684165309784204 2.4595585414204306 0.02127473925820006 0.16966513106290929 0.47366943218433133 0.6230606761418881
-0.21890319237919056 -0.5445761453429748 -1.6389277742102701 0.7556185952119717 -0.18817570959629404 0.5673931280794204
-0.08920556393187122 2.4959369875705497 0.12454871788136253 -0.06728674527552438 0.6609724325597578 0.5610462881848195
0.4680487296336698 1.591589796494342 0.198221583762162 -0.3165684449305909 0.14729993942931688 0.6584247322933974
0.16494816422045036 1.364510066882762 1.3105963763901882 0.14083063242191918 0.2230613830791777 0.5743285434087454
0.0979677794813699 1.7556450384053957 -0.1816637960342561 -0.12919362964223008 0.15080959874054584 -0.17683364071365662
-0.0005003718136478673 -1.34806350506281 0.00418052098938935 -0.015079041860239032 -0.44581290867853496 -0.44565484527671195
0.17121495563652306 0.7975822088916047 2.668014624906382 -0.25543243221486595 0.5608003355087007 0.5666245619582492
0.2902270134832696 -0.5954409003462598 0.6481240772873897 -0.7427927710688627 0.5202853197716097 -0.41637391737862395
-0.2508854147699882 1.0032227245132352 -1.787436215216792 0.42791931279547935 0.2068109801082607 0.1774353981396616
