# Tue Sep 16 21:11:46 2025

# input dimensionality
5

# covariance function
CovSum(CovSEard, CovNoise)

# log-hyperparameter
1.1457136579294316 1.2918264487532884 0.3354838006941898 -0.8275462406113947 -0.04269876637902293 -0.23730135709862052 -5.364730828805633

# data (target value in first column) u v r tl tr
-0.3547354577592937 2.1393839230354477 0.36224947438578314 -0.3230715344157037 0.7517986594373964 1.05693119432232
-0.9026534981114003 0.11679475222307625 2.5451577157839256 -0.46860541210705303 0.5049870316228856 0.19678539781352064
-0.45120535880073337 0.5692926897572952 -2.8193460337431957 0.3598944344774596 0.5508397850666443 0.8312842783584229
-0.10873936497932354 0.862134955963845 3.3991360579931182 -0.13356828906545595 -0.1480009778607419 0.39125442701572116
0.13503674725224693 0.520665363864321 -1.0426201023355235 0.3558118985913575 0.3637760044712166 0.5356845940193348
0.039321107776362586 -0.35099600136045983 0.23397240216872545 -0.8657982440413317 0.5187644390347839 -0.5976425695759139
0.2553522275161257 0.456731292599998 1.3637543228953304 -0.1346573625969046 -0.2609838577776267 0.49674778446009044
0.42502707994636896 0.6030405168108812 0.3433793570020478 -0.4307646837591779 0.3671580914670554 0.5426199502213194
0.6017842119215261 -1.0330192397113482 0.003368546822211312 0.0003060016141581219 -0.4016724001295619 -0.40580481537188734
-0.8344233153379382 1.8059692926126152 0.3579077871564086 -0.4013102354437645 0.5467605894280217 -0.12412064446332974
-0.80929957679058 0.18578188962402434 -1.2172839989969757 0.4794425189368789 0.11524507118581835 0.016207974209960677
-0.5864041410368623 1.2698409239081088 -0.6643574910843013 0.6414671012953983 -0.33477954168429663 0.5329562008389311
0.25467627107094165 0.5758791488778326 -1.3008688919919826 0.11304301084954191 0.4749748101033063 -0.24744282220374697
-0.9491122123311728 0.45345000813902686 1.2761928661093667 -0.5167551851977186 0.07366925880527725 0.18332734167632775
0.11217762483205243 0.14196674307882304 0.010656640187157116 0.0008065178087648301 -0.41457579221308427 -0.41667491562938413
-0.5473285554807756 2.057464041707268 -1.2950466024535925 -0.20078725076691956 0.48444822940292426 0.2974530883939449
-0.4911374226912311 2.051209462815488 2.497111169492687 -0.05476354014971567 0.5006347459905659 0.5250754933606779
0.26750539440645793 -0.5804632438490963 0.010720470524691248 -0.0010768108878584197 0.20419299231237312 0.192803672243826
-0.14768531851620725 1.094979465368095 1.7123246037817936 -0.18146247105976857 0.4729501194787809 0.3671020310915431
-1.0189614245059253 1.5141744297635658 -0.28999905132558756 0.10288840813856026 0.1313789036029023 0.061070580133954756
-0.7240017648678642 1.8806680701510219 -0.2751385986982429 0.29583699727081764 -0.16497927778651383 0.49029010492396424
-0.3347310434689318 0.04690739184739449 1.0969603798843188 -0.6564904483386925 0.532870872472718 -0.310713716806599
-0.6729462334037228 0.8393302834927918 -1.3085740283890495 0.5557013983579212 -0.18361244898491405 0.44255590506393255
-0.7194298301065761 1.0802963185084573 -2.1730816342239287 0.3922893461161449 0.2760257469262144 0.5552050580042921
0.21693465311163104 1.3383065221163566 0.9845999011051214 0.3902501783177943 -0.26619672866852245 0.49359297969966814
-0.6498369839128681 1.9264897233727973 0.5262432878776301 -0.35135485149053186 0.5579471690311929 0.49323819976623184
-0.5938160999831652 0.7549006519113944 -2.6032031367369366 0.312506949636448 0.30015576773957364 0.47767503774550385
-0.8363110679597868 0.5365738809196133 1.71601384390947 -0.5520888687946629 0.4181797484633766 0.003636217390710404
-0.3111482436393702 1.333996116724915 0.020256749639169788 -0.0017573365494020852 -0.24921953702042143 -0.2419810553332307
-0.15664351669195548 -0.18923572088598842 -0.5902170303199755 0.82007514792471 -0.5106183368252014 0.5000721867230357
0.09857341824573404 0.12631847485909786 0.7384448276188567 -0.29605434462123553 0.6215138634466423 0.278160654052366
-0.6533186911079567 -0.12558485598418687 -1.5867353809076683 0.6388901373403226 -0.01610281608613867 0.534498396598337
-0.8483863906943722 0.959524038240914 2.2432906305916775 -0.4880223776161247 0.5288136489562867 0.30943964915269
0.19484938304778704 0.8279176451126006 1.3149598240217792 0.08406337255862775 -0.03532374446747751 0.5057273273395771
-0.767116859039298 1.0320404548022266 -0.9648818223536221 0.6312830627944147 0.022294534049130704 0.4883438968149882
-0.23468246287556993 1.2563716297448326 -2.4119147529108718 0.0841250779851814 0.5317244977135852 0.29029944153043363
-0.5173199591998277 -0.6122949999417043 1.2332241938929145 -0.675179168796981 0.4922075014340989 0.09715707240810571
-1.0590104104528943 1.5990249744058478 2.502244384027045 -0.25753579985526986 0.5141438262041119 0.2597505260103816
-0.5154437884297812 1.1858483252936922 0.8682239401999541 -0.6733127029675458 0.46014154094253523 -0.34807176969854287
0.10748536983302168 0.4110752064568616 0.22297132432412456 -0.6861237132059558 0.48314728813619545 -0.03319357307029524
-0.6336867874974516 1.8311899563372815 0.3333380977664384 0.2564423825407249 0.17455248321391795 0.5460048455787668
0.0032201947982908783 -0.13570232480362862 -0.7077397282166804 0.682217968212412 -0.24346782703179046 0.50524136631246
-1.019271306010252 2.48204388202165 0.018461225227641015 0.06029602677004607 0.5007450152853125 0.5364890190832454
-0.27554991107385873 1.7597583219563064 -0.022069454571111886 0.02679522865246376 0.5022723861607056 0.4965087259002892
-1.0111716532856152 1.7971104821256427 0.7755745110381742 -0.3168471708922308 0.3293964852872176 0.34899793827783104
0.1860188374563326 1.4143425167068195 -0.9373141777161742 -0.37928673645690136 0.5010320569393192 -0.31618388860926333
0.7460180682339752 -1.0266846450083296 0.10553813908503068 -0.018310545820555253 -0.16452942863929984 -0.14455458148679864
-0.4565989232291922 0.9835429708309629 2.734885599658064 -0.2898739071339361 0.48522123551951657 0.40136807255992446
0.013859135952286696 -0.08455311864484027 0.42790130850850105 -0.8099297170717741 0.378764870138977 -0.3347231531845528
-0.9109178239930183 0.7363429058519108 -1.897115434702869 0.5688658451315616 0.3242400451417814 0.35546340605650495
