# Tue Sep 16 21:49:04 2025

# input dimensionality
5

# covariance function
CovSum(CovSEard, CovNoise)

# log-hyperparameter
0.6583453107141158 0.7374428262809098 0.2980200539241854 0.6329681232197134 0.5986365992295686 -2.0018430612909754 -5.885916026450915

# data (target value in first column) u v r tl tr
0.003699830261175025 -0.025744868763944603 -0.4756113176083353 0.8269602615222259 -0.5103553352424156 0.530905157839991
0.7890792900664182 1.4843569112410246 0.7826633311444342 -0.5868148085371643 0.4660095470109799 -0.1510391413428218
-0.7503540328237853 1.5674001305156164 -0.4023586034968887 0.4991506805671264 -0.21573592938174874 0.4903936372105428
-0.07649390694557143 0.6988220365519597 2.653576944940802 -0.38269100030628017 0.5116484403471672 0.2596871961864149
-0.04873159250354546 -0.0864096496836406 0.31734794886017414 -0.8564839893375311 0.5017866523376506 -0.21045273313807833
-0.15887937998306476 2.350962744309069 -0.07552636991609137 0.07475762188247131 0.7243082349027239 0.4965092073837721
0.674373896282381 1.426186817914802 -0.703022951870093 -0.38505178519747163 0.5268806123644211 -0.33570555870649293
0.1996621711799673 1.1063398863222453 1.9295582076707483 -0.37835780569224003 0.5495144948872185 0.3538121371700696
0.7321840842892386 2.134984873377845 -1.5055899355505629 -0.26282673295184444 0.4246196801872536 0.31939569655484534
-0.09747312852227924 -0.7932053085128149 0.27814008286006525 0.04833522226239813 0.47811798753345464 0.32059407677902796
0.05383429834769691 1.1694159495634966 -2.340646641289121 0.1957198883659512 0.4324496559969706 0.4239932492056374
-0.0017870253741548243 -1.005524087487802 0.0002662666365075615 -0.010269331597297442 -0.43261706473417905 -0.4277023609194015
0.06850064268989481 0.1991134965266083 1.0361153983360825 -0.6549631270953603 0.4985830807252774 -0.531865181365666
-0.023475577720446405 1.7648173746290354 2.48805981065209 -0.17576595576820206 0.5031490638528769 0.37832631864516403
-0.01878143031184673 0.42391363924076364 -0.001052254889533138 0.02232476207315834 -0.415205550531687 -0.39060406270929604
-0.38151537291104864 -0.2770446465765679 1.6959041656573028 -0.6386347605345395 0.5349174511580352 0.13856989818546686
-0.03588781088530693 0.45919012663235703 1.424780514724024 -0.19984681336768584 -0.25696874660149754 0.46984590057523384
-0.7171890679079702 1.3760639991008066 1.0183897829350168 0.41160584960916713 -0.2369714736626304 0.4985857842900951
0.22828804887141163 2.119575355280102 0.26330838372958676 -0.12309542836862511 0.3072434403085718 0.5340668245872365
0.04920449595587476 0.6859237073483792 -2.5968279181911664 0.41258091447687717 0.29687786523519377 0.5811241058659957
0.051438002336321384 0.5486768872925063 -1.4386710735130452 0.1497913906591127 0.4696582849520936 -0.2502023034745508
-0.3005182402166911 0.8239558574063783 -1.668835852163681 0.5751169429731546 -0.1906012099970389 0.48925834226754983
0.26074778035567864 -0.18977708797598541 -1.247757461173279 0.6365295924117541 -0.020482958821546302 0.5015693314050459
-0.36476914881657724 0.9311675449983803 -1.3864757521934252 0.5378288820622021 0.39114430965618585 0.5404583743764134
0.1498102155944843 0.7440896669763023 0.1634101516935289 -0.17395008301189085 0.47219922191703567 0.4724755472710771
-0.49688015408795544 2.654912576589078 0.2924494303105587 0.22804405296947522 -0.2894503386863883 -0.1899280895815226
