# Tue Sep 16 21:46:37 2025

# input dimensionality
5

# covariance function
CovSum(CovSEard, CovNoise)

# log-hyperparameter
0.5802296121282112 0.6027371445045901 0.34024078493467846 -0.14401050740049978 -0.10255478913501444 -1.3910101767306753 -5.140494666576341

# data (target value in first column) u v r tl tr
0.31086807081994694 1.227708074982889 -0.9958794063226368 -0.3174200968284371 0.5051042411612161 -0.25608766225835355
-0.6818659929282114 1.4995683545324339 0.04382252530875985 0.04453146853816945 -0.16883668699235266 -0.12214762169122126
0.5183859441646366 0.40555114079675236 -0.915698392047811 0.4184107973099774 0.16572795313300598 0.7270425072054599
-0.39583091174290785 1.5767289440894667 0.10920940620996296 -0.5085731253546065 0.5103171401050549 -0.2960471668073188
-0.12868978595453767 1.5325576409316117 -2.0474284690127065 -0.03990844083406678 0.535645120807356 0.29809846627419123
0.2650133915276086 0.044650991322183815 0.18833438487297027 -0.22022778612188715 0.3789288694561499 0.2554215188625902
-0.6704444717544539 0.0009502304668030446 -1.391018372121879 0.6415869774545476 -0.030778027710070762 0.44357225998180416
0.11383811552411491 0.5376283380397032 -1.4139040400759397 0.1800852625414084 0.4782430263576967 -0.19607851242971255
-1.0591137118711762 1.0691890009320721 -1.2400666844790431 0.5717291566696979 0.20688271057149457 0.3545543337949182
-0.6704482249714171 0.8338400001937547 -2.3685800971306024 0.37728142313501656 0.29297989199794183 0.5164608868677892
0.5286731654333411 -0.8216514183036804 0.06857649822003865 -0.009742920977858062 -0.05277897183339659 0.16203206117455193
0.6322668919499652 -0.9975273823953056 0.006733994137531131 -0.0106267480715759 -0.39189900728950244 -0.39330670216441393
0.5464289246471703 0.9258984231611432 1.326481759289457 0.2302058592301152 -0.2799283921860514 0.5212164490924093
-0.3249196418967853 0.5874397813635533 1.0133459841798897 -0.6905867698252421 0.5168445561499272 -0.1703091849079605
-0.36246921540509247 1.5949390850702496 0.16715681102907404 0.41510837187338245 -0.14682602761911911 0.5520238401404471
-0.7746761038060461 2.3261908542017093 0.1358631199674524 0.06668826051592612 0.5202547749786285 0.5186942322023577
-0.7994290833111006 1.6929420313528627 2.492790933388269 -0.2091724334553624 0.5079872674598864 0.36240028670959545
-0.6340644119956769 -0.33312181230576077 1.6150785044512983 -0.600000625597577 0.5098720454783344 0.08085459444479952
-0.2016537064845993 0.9118185805862163 2.307277634717382 -0.2834683594077525 0.5282866922449212 0.41916878024134724
-0.9050324337800384 1.5390548811175413 1.3765790379646632 -0.32389919900484976 0.4224994535062498 0.3107608148123688
-1.0538259510196533 0.6354523737558235 2.4940140294201045 -0.46001192611729325 0.48362592109590774 0.17160474944589854
-0.11640411374992299 1.6079256222431835 0.04588501694853493 -0.16327121913632914 0.525837197464563 0.4432157386437316
-0.1214712769985227 -0.1507185877071168 -0.5319219945696796 0.8363201915069061 -0.5123168392205808 0.49822124604126256
0.13227612084853235 0.1562922250915289 0.014608150728122311 0.021872495505212947 -0.4108004281025025 -0.4198484816524518
-0.002706996832847069 -0.19730734670113118 0.47931534761222755 -0.7899228446241923 0.4884015436862205 -0.46857885866027027
-0.572052574036113 0.5030887374588474 1.2393432238601754 -0.42741689259739635 -0.009152269562647286 0.3331528623420268
-1.0848397800831473 2.291151932296782 -0.7272546766730057 -0.13067813039140921 0.3947920478920972 0.3820145086478135
-0.4634104945790393 0.9559921475210524 -0.9459255256169447 0.5914883779457518 -0.28857246136586345 0.49562225906094015
