# Tue Sep 16 21:43:46 2025

# input dimensionality
5

# covariance function
CovSum(CovSEard, CovNoise)

# log-hyperparameter
0.7756278928249004 0.8084574520954455 0.5841696031161195 0.34373867811135006 0.4032142687743657 -2.1873406589597564 -6.501799844570261

# data (target value in first column) u v r tl tr
0.0 -1.1105789884543897 -0.000778321976316912 0.004144960630164679 -0.39842638575262806 -0.3870321409733986
0.0 1.6795998517142645 2.437488948631955 -0.19374331607693185 0.521428783279293 0.40415128485007484
0.0 1.385663336321346 -0.5526789297476922 -0.44948773683482396 0.44654956771997706 -0.3777785684102987
0.0 0.6737417653371033 -1.5841060728317595 0.23623745909621668 0.4771278337774804 -0.14310829883958492
0.0 1.0989900121237821 -1.3947443526351948 0.6098406803693486 0.09509137163512148 0.5738838554265299
0.0 -0.13717831375916567 -0.6018837614534949 0.8675209636687402 -0.5306946939384577 0.5704513103139119
0.0 0.2550556024323951 0.5783743476951017 -0.788926416793363 0.5454539696459865 0.070407000258738
0.0 0.6836474475406303 1.5833849391988182 -0.41664539361378305 0.22662433795197534 0.5533883510123094
0.0 0.8698938656109437 -2.603499134015343 0.3351176530023397 0.32870430569842807 0.5632357818722048
0.0 1.4050832777913593 -0.4181775974795756 0.455911748726413 -0.38468416780082937 0.3689500843115265
0.0 1.5102762333245954 -0.09267782788022294 0.11997316718997707 0.9919677714834007 0.46224256863259205
0.0 0.0920318744480005 -1.6244996346982308 0.6036631100217029 0.025005067541864354 0.46886567221723774
0.0 -0.11168576744137934 -0.0755028387789547 0.0863369937900624 0.27195539998692664 0.36428393793612246
0.0 -0.25397645766064025 0.39801933858194405 -0.8326227551274028 0.5269118029438954 -0.5783170992104636
0.0 0.6947030614570503 2.5814733267510013 -0.39015515027632547 0.5562659131729795 0.2473405884085094
0.0 0.749002098640397 1.408939340606411 0.11212630084278559 -0.4460163850681063 0.4771451081890108
0.0 -0.41735651560193826 1.6956393405983032 -0.5750135421357341 0.5100983498587777 0.04079606335467614
0.0 1.615763264751075 0.764708648343054 0.4329773462339258 -0.01767555014833437 0.49964534192918164
0.0 1.8093518786544143 -1.8168823285649651 -0.16417168556957124 0.542855183261001 0.27100790087622945
0.0 0.8202562496583036 1.1726320196062943 -0.5781827093072271 0.3834669356687058 -0.3477242490792811
0.0 0.24836956648048475 0.009484792209432255 -0.008085033946894268 -0.4284217678300555 -0.4314950017323769
0.0 1.7967986512596876 0.7447282763435601 -0.4210861230669297 0.5942684352959605 0.1879442031693611
0.0 1.9452759089482687 -0.1506359394939058 0.02372209623351917 0.3061322016626304 0.7194121879574098
0.0 2.6039528018079166 -0.0831973959942385 0.00034478357164973166 0.5333679930905361 0.4181633334038431
