# Tue Sep 16 21:29:48 2025

# input dimensionality
5

# covariance function
CovSum(CovSEard, CovNoise)

# log-hyperparameter
1.2112521711603235 1.3190992350380657 0.1877753240132429 -0.44310619216345337 -0.2921312692885617 -3.165078177446062 -6.223037836979024

# data (target value in first column) u v r tl tr
0.0411325864671651 0.9427257296073774 -2.063078870833212 0.3391714806860332 0.30464052334860886 0.6590844009541148
0.48721176435532587 1.2717015117476285 2.6923432282910706 -0.730030557387695 -0.15859711764291362 0.8887665399057053
0.4135138486016608 3.5335748184365614 -0.05695184871644146 -0.6186190300930982 0.06014657868687687 1.2552273321539602
0.33343713377203643 -0.597578102588496 0.1254121184228738 -0.9254571656654915 0.5003396438099732 -0.5395593594004231
-0.21046520356868298 -0.6337405250965785 -0.4233122278123896 0.6903580256523996 -0.670754076862085 0.5059526450140467
-0.012633418294335383 1.0435834370802333 1.479213019691108 -0.004248044240272407 -0.9301697364997918 0.8125015034927586
-0.034559261342918035 1.5003562091629938 -0.7285130721042781 0.4494641156791961 0.266157664823818 0.5639024152578802
-0.04907843911457011 -0.14574785944560603 0.07765149172930456 0.10008962612875379 -0.4709626500972777 -0.4509401772824791
-0.1254509538700479 1.0071440337945072 -2.7284957963074388 0.46777566992648495 0.3689443489020158 0.511187363439435
0.26191237820573043 1.137746511662839 0.023174708336023735 -0.5945509873670359 0.45068544786585096 -0.16858395623114125
0.12821630200523657 0.17506860833026608 0.7509092528685273 -0.6153648292354107 0.6069498645685878 -0.10886650384211725
0.11008852179869243 1.575488418477953 0.9781246893577469 -0.13476588119638427 0.41824876827526375 0.4551141525002281
-0.05242714860005984 2.1194415584672193 2.8085925333391963 -0.19700506647482782 0.5356177048054533 0.31770834014044513
0.2830387424920173 1.352227286329188 -1.4251918440500404 -1.0336317820803198 0.5470630552509228 -0.72277203425343
0.031110200557822126 -1.0507919745806744 -0.020947201386063312 -0.07433570342805358 -0.38303954078903457 -0.3816457853910303
0.02771097480554874 0.6339722754312667 2.6975107564376777 -0.38287919348140664 0.5547612357786905 0.26982353637176437
-0.03839905282173612 -0.9335793607659616 -0.11738817769703824 0.0701120117907583 -0.38236612714725254 -0.38817827181467396
-0.22181268649130623 -0.4420254529947215 -1.1959564872952413 0.7131926995736586 -0.2201224016287254 0.565179705001212
0.07788311633287706 2.2895728407805436 0.019202494503498344 -0.032911342199404184 0.4804927751203401 0.5963861028704343
-0.1043678008292983 0.9609111418133193 0.27188659274352595 0.3563489456496942 -0.2241370996565801 0.5131225010959498
-0.09150166416778494 1.9218376248463467 -1.483086053453571 -0.06272769923616771 0.5271950440067507 0.19079237023748438
0.06691965936482802 1.1055388806605657 -1.104726273620465 -0.25048451757083723 0.4779479515685917 -0.284931177511696
0.34494290211113393 1.1901247911396864 1.2136572505899672 -0.8288993219073199 0.4596600177484518 -0.3047910814088322
0.05976103817048889 1.189197294905474 1.8955129133850797 -0.4122731323680194 0.5844910066610018 0.3236938640884526
0.3288853892902107 0.2770516353026047 1.2777233168995834 -0.5049701726608055 -0.17867245944654087 0.2925711108946997
-0.021794747716413557 0.46067196107368596 0.019203976502972245 0.02175576767039254 -0.1903307497906096 -0.17815203312290911
-0.3309808557599927 0.8733590292469489 -1.162673229873169 0.7709070531767526 -0.28950688476657926 0.44777569776405574
0.22270858950284433 2.1297093299012655 -0.12968637978603142 -0.1391202139670728 -0.3006549391044777 0.6672076003621014
-0.26589260904896816 1.7192244891351065 -2.8296142521424743 0.13240326451203552 0.8130296490417065 0.47618380912412195
0.27418497741708375 -0.16472960215520455 1.1850657295537963 -0.7886656908725057 0.5622978008738564 -0.4623132632474706
0.05419803464017989 0.6002013158510491 2.4967810053826667 -0.36866379733540455 0.5281337313857493 0.2933622914457286
-0.287728355308309 -0.414805657463236 -0.3304570806503502 1.1056868133186615 -0.5824014433063787 0.5124539263188967
-0.046613939049816866 -0.36273509389238495 0.050658941216236195 0.08932781793397822 0.41329105166530355 0.4169307042686527
0.002210784034129259 -1.5811840999411504 0.125124554041127 -0.009271594426895877 -0.3998653685501279 -0.4212062701982697
-0.2576580705252313 0.48423932716331697 -2.2573289381017716 0.42406674288736873 0.4545667896658654 0.38897295380808783
-0.16720957004311968 1.2656650196023487 -0.22150985081368343 0.5141011232080578 -0.22547456383883974 0.5290976188355159
0.009328575239558396 2.1771214385222097 0.747654510587947 -0.1607065632771883 0.50386094756056 0.3979387142934474
-0.044274457017341395 0.637065218021925 -2.797439952144265 0.32876973341051874 0.3015524385044696 0.5031836457298918
0.14957625834958166 1.6697213746628394 -0.9425308981534614 -0.40839533214966495 0.4904041203731588 -0.3232462600350207
0.19519601874324086 0.3345103287713015 1.3044308636360658 -0.5894515896560886 0.4363070872264918 0.008105059706076204
0.04038332343174902 0.9949222483731799 2.5616862100970743 -0.37572637123978303 0.5186778268522965 0.261662054736418
0.034845024278039406 -1.0023950455220358 1.8451631771584123 -0.6332741706275026 0.574413100719923 0.17666566288588992
0.546549015248106 2.5912126983955233 -0.00014688426492510666 -0.7653893402178367 0.10368028924737459 0.7784873208285464
-0.26254365804715984 0.12592947351321762 -0.6185725080239847 0.7116358843174908 -0.2057221227538133 0.5180047738109265
0.14797489145718154 0.8259053251884586 1.5820312618169499 -0.47307274579322195 0.46353217772010524 0.25699382809864607
-0.027911750727798244 1.1564396074128374 1.3402464926359134 0.1509780267582545 -0.2781447875616425 0.4756947494482226
0.34088083684801296 0.44780953736155465 -0.02621072358579357 -0.582893063068217 0.3529755522458338 0.375463352443745
-0.2911499090746512 0.6519471414473444 -1.2017466065041789 0.4290928976446141 0.17211266210323195 -0.08350532719690248
0.0016752272844869497 1.78851461583935 0.13764161346054724 -0.13731605449942244 0.46621004953386114 0.31806085619443325
-0.12554987948209667 1.277709217887679 -0.07619697470371312 0.09535983826693607 0.5082868715176209 0.378620254172714
0.09926275483562756 2.7020596043582437 -1.232050555049357 -0.3552567466312666 0.5066982316664919 0.34682344979151697
-0.16238062557864627 1.5896365296766473 -1.0522439288938406 0.5886097394209009 0.007732820138289702 0.43533468887525867
-0.1298764555360194 0.7391958985400596 -1.8266957851100944 0.4823231538851432 0.21467900554148758 0.44899123198385005
-0.07362140120501198 1.2818006730827387 -2.290494988005508 0.7841880382337825 0.7153696808125558 1.3022561728532696
0.33760308751733886 -0.2737398014444876 0.0010404131220687442 -0.9563561046807441 0.42599563397510765 0.020907235838801046
-0.1030332201482653 0.9709769845829286 -2.4568489473598785 0.3000906256587001 0.35564575880288346 0.4083464470797864
0.4601068838964084 0.4603726218839851 0.963523269114548 -0.3032957156520457 0.2740107667457515 0.7628518460227097
0.1202422840940365 1.8115661925205562 1.2275756854088427 0.30108643736621593 0.1214033255558154 0.6270038390225408
-0.2816061554836542 -0.16685274972049996 -1.2899275248173914 0.8853980465286952 0.1409968013170315 0.4834418169270251
-0.2254176142871887 1.6175073178853585 -0.95166231838349 0.4869613321018998 -0.3765891890780341 0.4836496430913427
0.01954070921879595 1.220256598664326 -1.246260982150138 0.04794065519001489 0.35044406070885414 0.39569792037648643
0.27965507550802826 0.9000469251247633 2.157020898588556 -0.4227688853134753 0.33578852059413966 0.459230248971069
-0.04690325029782012 1.6463730027193262 0.46517739703513133 0.26917252484730453 0.019451346488053738 0.3938235609293406
0.07911390302421102 0.16691653236800463 1.593049567810026 -0.007808358112681654 -0.31193554516530597 0.5523320825038802
0.11733475095301638 0.7804129075033229 2.6447522047026544 -0.3836917526586306 0.4522874849082225 0.34300604392551487
-0.022574524758367433 1.077180164115363 2.347504918981013 -0.2028186467165449 0.4522525779915682 0.18662660954527382
0.09131669844817202 0.1509993373573332 -0.03132473547795566 -0.15491319772418957 -0.4116233621605859 -0.4687995404127875
-0.09474670726091734 0.5264580417703113 -1.6842984115070785 -0.020145175318582554 0.550466691411908 -0.35242066577402054
-0.2823493775436147 -0.24894555725496634 -0.7029240973081881 0.5799684983174292 -0.2065636481774665 0.39023899812042934
0.14527022487435445 1.759918057233659 2.1180056243334473 -0.4252386586808192 0.31586010836973705 0.20924239820879179
-0.05685764333700383 2.5228000222779987 0.21010529914932244 0.0525826743884434 0.5398260199888709 0.5174282338247999
0.13805202478903073 1.2945643564069396 2.8956890441638685 -0.05492486984482677 0.5589253278854814 0.5981725227683596
0.1875803945827602 -0.32806409924315916 1.0036981888852623 -0.6435366023176109 0.4573380300613001 0.015768017540297816
0.07549281186001337 -0.7902092639766183 0.29256977682466334 -0.5363088113074915 0.885618751274104 -0.8561002756912053
0.05497720658807152 2.1707343778989405 0.2812262404464892 -0.4293259824779637 0.5811067583537413 -0.2108454986124656
0.4490350390821878 0.07278153140109675 0.7676495631528295 -0.8076513158350729 0.2876929870617536 -0.38844892815380955
-0.16137874363316765 1.168588941241059 1.5974117585273422 0.38449067725490677 -0.328316830769918 0.4887713993989578
0.06292765753683606 -0.8421853230622772 -0.3767704238550587 -0.8497511546665304 -0.9179346539715338 -0.7814294546519871
0.011999788780313781 2.302207339106898 -0.008946471599233018 -0.03466169587762132 0.06293153631556339 0.0796804603430195
0.0036882310477487903 1.4319036916299264 -2.827450600724724 -0.11133093986564144 0.4708841521801738 0.2248847987350274
-0.03487849777272681 -1.301185963948508 -0.1987870985894925 0.015065545100121775 0.09458119781349593 0.040557186265808697
0.18493794048324916 1.1960331253197012 0.7561320587603746 -0.4509108329042898 0.5450207121225209 -0.4745594751042417
-0.07486790534734956 0.16911069026778078 -2.119623430362142 0.47151781561202355 0.04280875071607436 0.508879228318678
-0.1348060726427269 0.6939162231026192 -1.9865507779501168 0.5023908665037556 0.11560325732633843 0.417597704421778
0.21641379021835183 0.0006890847044315781 1.492535444225835 -0.2937047632099405 0.016219614404383534 0.22247394779061194
0.22401540952052276 -0.06145728212483896 0.7716728346374129 -0.4766337227447427 0.4185057974342286 -0.29896170463378935
-0.00011638722671698798 1.1493415457713685 -2.294230883648173 0.37218682039806256 0.18059149568637636 0.5078166572775713
-0.11829312644582465 2.884797731463096 -0.03742210364987175 0.19066331966887753 0.5783498547997599 0.5590625053214244
0.5580162305677933 1.227213441548852 2.7745250050119163 -0.9751945151680033 0.273724524989426 0.953454123089204
-0.3236499809474878 0.2203004121180787 -0.9269503732550604 0.7314044060931263 -0.43507431642694133 0.4763349123826169
-0.2844172402821758 0.546551798543812 -1.5012429399801452 0.608121213871611 0.7455993726235219 0.7985715369508086
0.1693455771079244 0.908239128919342 -1.640677193699081 0.7333505194060954 -0.11077014845078943 1.1761155426681946
-0.050566269253247545 1.3718498172986227 -0.25915361490477007 -0.1654579576322304 0.6818077474822152 0.5430616844103484
-0.27631478643818586 2.098435274872434 0.48454286080559944 0.6926040565160613 -0.3685520453560004 0.5149592018711989
0.17197757727388016 1.307700557691655 -0.390237239959738 -0.7873692818735156 0.35583447592334383 -1.2175729607083232
0.011805945356532104 2.4876145288687606 -0.10283774664479163 -0.12325869935344973 0.5238251862175369 0.47650085077343146
-0.3848796468754532 0.36608834857983075 -1.4212599967302788 0.47361457947163316 0.5018951892712499 -0.20427177766635124
0.2696475963998987 2.9209344646459967 -0.09194774346808579 0.01972235909146871 0.10977384375701256 0.6856458207526186
0.0013861717540935238 1.6487953200010872 0.06836297641690219 -0.011362716311081149 -0.4003028495526967 -0.3921605373760901
0.0883545260641138 -0.43642204322918815 2.8687084417197766 -0.673267145174899 0.44465885976471403 0.061388230483496224
