# Tue Sep 16 21:23:40 2025

# input dimensionality
5

# covariance function
CovSum(CovSEard, CovNoise)

# log-hyperparameter
0.7321114755084649 1.2645756739898428 0.11130081506144833 1.2323813884781645 1.3095726693338403 -1.4928855828888494 -5.793301447483584

# data (target value in first column) u v r tl tr
-0.09726169236461617 0.9017582705193055 -2.038738934688467 0.395046137688907 0.4174594457571336 0.7169468973122228
0.36072374654726597 1.2014576586144392 3.060160315607476 -0.8752441579160064 0.011144156697318004 0.9167457760492593
0.8009633594772344 3.6917396627819743 0.31738217356210247 -0.6225862848207222 0.09657806121254144 1.2035430291710696
-0.21487208437820973 -0.25780884581719793 0.7997378002073551 -0.8920478084349682 0.5890576389357653 -0.5770539032104873
0.13600980111126193 -0.4584863850218425 -0.04946919783949026 0.22589078464113088 -0.5928415424771944 0.7448541976860636
-0.0700623313613774 0.7472213467458507 1.6568670532411496 -0.12339994496849475 -0.6644594264641068 0.21426119353387546
-0.6587690747207468 1.6211167034082827 -0.4065396723580146 0.43047108503738696 0.21756902585877286 0.44167932874033905
-0.061487806876767255 0.06366765723365982 0.11408728142662661 0.1004526102314165 -0.6836483704180182 -0.7425609217419771
-0.04058731410190842 0.9315688869703387 -2.6982653763473645 0.4286620541686792 0.4753881168898878 0.5874909043253712
0.6346188988055501 1.134017654458132 0.5142483531560701 -0.5677291710024807 0.6389498626310697 -0.23423265427445697
0.025798399866525476 0.1405851651029918 0.6847529786616389 -0.6051280761609464 0.6685571164395921 -0.07216516917517056
-0.31752808184879555 1.6405344493405756 0.5277306357927956 0.14820038689100096 0.3455348441426258 0.3363751613788752
-0.07758747617804936 1.5705414087164182 2.842108172005141 -0.17778642981720869 0.5581195065401869 0.21384581802314956
0.27080775863082057 1.1511624263763176 -1.417711384568851 -0.08873957573694354 0.5910334951822277 -0.2001364888123734
-0.025241049556271888 -0.950379280159126 -0.04740481377450265 -0.06012937657300122 -0.558172828423874 -0.4896567238477013
-0.4109936390101726 -0.14829660537212142 2.6550051976269886 -0.5562037370915017 0.671755105365641 0.10984087826533874
-0.027793855257948877 -0.5076381281730268 0.12978143697625344 -2.804072660389208e-05 -0.01751463291855042 -0.2350793092798143
0.39329595948133267 -0.37722036381697954 -1.4630427741872858 0.7289407970776798 -0.26940400565615313 0.5639618410797455
-0.07688377442128619 2.34664923746052 -0.03989748928107168 0.035478465327899326 0.6771203443101883 0.5315559406645273
-0.8744914349632722 1.2432619279374397 0.8097762822774536 0.586991921782658 -0.6139398622709845 0.43313249650465907
0.6069086268200168 2.5113215446938675 -1.6465460819919733 -0.17362572196174594 0.43635188425386967 0.38119276289448467
0.6019310370439079 1.2565391272120614 -0.9159719393869327 -0.3465580291918292 0.5298377835298125 -0.011448808235118362
0.601420472507946 0.8933017113412067 1.1844034629648532 -0.8588487267112714 0.6779619330067972 -0.9231039989849325
0.14423964424625513 1.1255705154235656 2.10564168698651 -0.3609548114994816 0.5852773704585783 0.0802010881032554
-0.08400166840263733 0.2932821572357732 1.6529456506011895 -0.3156524975741648 0.07618044701922054 0.5230400441145627
0.08317987379708991 0.19264204490100142 -0.2055433342807174 -0.1123819191814102 -0.25887423540928645 -0.30002955202855186
-0.7183184546415441 1.0188954381616604 -1.0255665577138107 0.8274688773892376 -0.44172737009043955 0.5041426631207224
0.12127715426532205 2.106379149652156 0.025578579852040408 -0.05147284791918933 0.2615069925496501 0.8363664845901685
0.3533726922655474 1.6373664301652278 -2.6833239406735596 -0.02634329830359702 0.9499838017789078 0.6091742123889942
-0.10393370230744077 -0.02016282068405985 1.0111818211931491 -0.6848552051703596 0.5903033710462501 -0.12461762548874117
-0.16041125590320585 0.48551629533807295 2.6774726269725524 -0.39294352400306537 0.5543395089659774 0.23773449095502064
0.1917751252090915 -0.3602439004836537 -0.1356096209913022 0.9895080902229817 -0.7587139492235763 0.5669780825121326
-0.05991812360142211 0.5241135758043213 -0.008316300189340407 0.07386612402719035 0.8232913520981763 0.6540979877518395
0.015918082039064158 -1.359317287049625 0.05556524488994447 0.02886242197132341 -0.4941356017234491 -0.5055033651470764
-0.01751912576682229 0.4198231584080984 -1.6758291110977257 0.402299372229175 0.5014124645432817 -0.06545841971465857
-0.768121719197655 1.2005607783529193 -0.3495335408136175 0.6328781743156371 -0.22083370506913655 0.5809443583218729
0.4049019917522273 1.7519816978522404 0.8539152924880199 -0.29108956676135733 0.5427758559945463 0.32180686776589046
0.07307572152015171 0.7969208449921195 -2.715030263904199 0.33816987022780187 0.2042008847485392 0.40824616186861173
0.7730765086769111 1.579807284221281 -0.9015946407654216 -0.41145609100019204 0.4905327749567752 -0.486160573911284
0.15470175827428276 0.5738422894819806 1.543291250894115 -0.5560866274670307 0.5518511677462469 -0.06584414462866103
0.046986220420356065 0.9850268824375009 2.4822785073269213 -0.37552801550803333 0.5644470669187178 0.1573488682209759
-0.5382015571228965 -0.6987707241517573 1.5826729798570118 -0.5830732681355323 0.4211869110217061 0.41378439948213896
1.275586229369952 2.4429679264387354 -0.11625788724161527 -0.6798555528125088 -0.023934435959670958 0.9387557548679113
-0.07183724324070921 0.14010521047101968 -0.6270379770809841 0.6597430815738012 -0.16262471523547467 0.568097409709148
0.6323498647129415 1.1999581893541547 0.9908430295773768 -0.563925626061475 0.19196457428357971 -0.13020128228690453
-0.38437601387103 0.9757259789025122 1.573324359117328 0.19529136966456667 0.01883920543658608 0.5545400895700441
0.38785406187199334 0.5655451990131715 0.47734084397342075 -0.6679097530992361 0.4045653337944258 0.807600455699655
-0.3046281398911478 0.8053514899285363 -1.0633003920824715 0.45972346758238947 0.2672189315976483 0.16929536354178568
0.46872725077431726 1.6744818371735817 -0.14932703586974286 -0.24041932676957387 0.37351191602693185 0.17379330737840262
0.08720995078431373 0.767089347017045 0.012707041479574539 -0.05977348167685057 0.13472081806308306 0.5188494234426464
0.47109240950525827 1.8307624205450646 -0.8948137759229263 -0.18656116154306795 0.6104782689935885 0.313830471865167
-0.6962247989634901 2.678212746420413 -1.869504084182261 0.6103393400105432 0.06105057159857271 0.3855956472360171
-0.23034873790840033 0.7969482131879484 -1.646697814067078 0.5073331407892722 0.17074339457714635 0.35490570183501824
-0.5342747943022877 1.2771744452643556 -2.2671959399562533 0.8667525424399166 0.7945733636328765 1.286173504193643
0.05143595515122126 -0.10483869924793904 -0.3821215159858957 -0.9576630579955336 0.4677869279816403 -0.265682638046177
0.004635870143230653 1.0016546861353475 -2.336199723268488 0.27659174785170687 0.43233206816015257 0.29715876863065527
0.18129676616530896 1.2760163696041658 1.2686976094986073 -0.2358733421393766 0.435029083034208 0.32338803167420754
-0.6793747237455285 1.5047851338931943 1.1347513157453186 0.3714404402086537 -0.07444602494710001 0.7767824613637039
0.07311378557688834 0.01412641972670179 -1.1470441886295137 0.7202444615247378 -0.2064832863605645 0.35592336746591
-0.7061247110607992 1.5868939374696913 -0.42943670573627984 0.4659777196010233 -0.6542689536303372 0.5456343522519224
-0.3333588977901845 1.4610082265741027 -1.1846435309195915 0.32659324709219223 -0.07427305610267414 0.3919928359015815
0.12113155154373158 1.277342180513722 2.4055305354467755 -0.3346962260753355 0.28251226591332734 0.4620770135965283
-0.4418784840749123 2.0267106756090265 0.047138225245911526 0.2278567866219787 0.16860784272097828 0.4588701199751036
-0.20795225541047171 0.44057841512044427 1.395744627789916 0.08421361860293872 -0.306373849793076 0.7605964674095105
0.03079120211783483 0.8714443731831868 2.458740904443067 -0.3921025695192718 0.3629399524207503 0.4665603899556321
-0.07306913538714944 2.142455544646968 2.492896526391121 -0.13291023100512023 0.5401373766575437 0.5095103343049471
0.016035481886823966 -0.8663647269136262 -0.03131904948995374 0.026997205089489034 -0.3910661715214265 -0.5548992298895833
0.1909030442080299 0.31752830460550985 -1.604529057208972 -0.09101423187087666 0.6158255377744164 -0.42154401799143704
0.1401294036857721 -0.17926685857709543 -0.7134241540750629 0.703970310214312 -0.08900889845704918 0.31822959956122243
0.6078965472059151 1.911006338041288 1.7983881550735634 -0.5243548931069428 0.3944781116088334 0.5533238840010803
-0.005541934473285309 2.4845588442983773 0.06742107652939376 -0.012972276979622274 0.7384969637247009 0.39532628166273176
0.06612167805937726 1.1552790759881602 2.240635256378277 -0.31984267756278945 0.7239379255739921 0.6766708413816039
-0.11864416817259175 -0.09642385579126617 0.7518864947959526 -0.6373653419856747 0.531478128890451 0.16749730848502373
-0.47688839668139826 -0.7271109540135248 0.3186467997856806 -0.7319917786009139 1.068822626087592 -0.7558342975080198
0.9877808610805167 1.2307446474169743 -0.40719322478653525 -0.7749917984051647 0.5117979315867299 -0.5373642514446074
0.044037333315901823 0.02712857822946434 0.4763149738568839 -0.7043905832264662 0.29975415275730144 -0.5140944253208785
-0.27780125172177994 1.6105945737909588 0.8145474696449403 0.11410069448902001 -0.270196186668049 0.5459222713212969
-0.32562512300442453 -0.8982662295572115 -0.20364000492398113 -0.870286017812342 -0.850809678559101 -1.018084362393881
0.22187363834512538 2.314761994287961 -0.0738657230882941 -0.09750267012963676 0.199538092677625 0.20245771934047918
0.5171812457167252 1.5897740111034924 -2.3375013925710584 -0.13467505203609975 0.22886944827194497 0.16832450742336677
0.008439622009584641 -0.8975931398050563 -0.1306078881448828 0.01914222880384462 0.5430609100437751 0.3746319773463513
0.6474074362884504 1.9039931281152687 0.6625907818010702 -0.4093152330109164 0.5743120939199917 -0.4693820986519224
0.11574409409182565 0.3087583104363824 -2.08951233303812 0.4829355631837844 -0.05419560894981634 0.573811643293612
-0.3627789186316403 0.8595709794862986 -1.500964811604179 0.5937858507085605 -0.13520624787668756 0.2534857036773653
0.1729199409050458 0.3161648906079005 1.1817191148139987 -0.668148668851798 -0.18586303653876876 0.16732954407950743
-0.16669140885371997 -0.11561989155513344 1.2531545802597053 -0.551144381646679 0.24173941717149314 -0.5438700101499622
-0.1531208558034467 1.1226834230188112 -2.149692580583188 0.3970998169708768 0.3120688988839716 0.6383272331739386
-1.1181405099908976 2.1600590413091405 -0.48805247669077156 0.7602699779218655 0.34139582813624714 1.2769816519974762
0.4471351696867325 1.0152568913235107 2.58135639657943 -1.1043129803904852 0.33323842651173896 0.7448675897700491
-0.14600917982477093 0.23810651537864475 -0.77087565365787 0.7228242983520495 -0.619267975219349 0.527220616773768
-0.11293897479326137 0.34254957347950776 -1.3775935916404098 0.7842393474632269 0.6546211678621567 1.0345814842296066
-0.10005770533622872 0.7859684167043571 -1.6212647767509363 0.4202872379284072 -0.17489841154565405 1.1958986549331918
0.0524022821671565 2.2181204158514594 -0.017170192969345598 -0.03174138507622821 0.8082660013795651 0.6943574273390907
-1.1142709745914645 2.4727407222564213 0.413181618987535 0.575190353383773 -0.6194036967887246 -0.16724277992369554
0.2644963046239953 1.176729882342222 -0.3798531864530728 -0.2408193640457844 1.14148669637695 -1.5835291173797263
0.7869928189747557 2.33337613308671 -0.2041578869715429 -0.3876407029013327 0.6413071495478134 0.312639400499449
0.10067892819244696 0.8179532146596693 -2.548696479838152 0.27893632476344477 0.14688730329035624 0.5062793922767189
0.12213533260650593 2.9797741418365358 0.31165182401988006 -0.09427008958941546 0.14322882022509018 0.9084520014053719
-0.04956487328521478 1.2634098432609493 -0.15860879861251845 0.03839669165821448 -0.570437937348451 -0.5996022685633653
-0.05923920600198133 0.8489806423257671 2.557202579501297 -0.32725844579676766 0.6950493753626572 0.30086039795777714
