# Tue Sep 16 21:08:49 2025

# input dimensionality
5

# covariance function
CovSum(CovSEard, CovNoise)

# log-hyperparameter
1.0579158563597337 1.2948494307246403 0.14274871364641029 -0.9108870992006681 -0.12510112221584313 -0.12031439401865297 -5.454996411888114

# data (target value in first column) u v r tl tr
-0.55907557802582 1.029570569505771 -1.97159216799537 0.3952576031766421 0.31772111961167837 0.5477367925450412
0.004524632582569401 0.5890745191696704 3.127203136491556 -0.021786583023454785 0.1649968858859293 0.46551790024864265
-0.2352015164395791 2.2647177193590364 -0.16322780093256994 -0.4500059708019259 0.29125465677230156 1.0802532691004358
0.1738968861160503 -0.2111809907490617 0.09985191294519359 -0.8744357274106446 0.4810671596374013 -0.5550925795921446
-0.08104458591494428 -0.2548619371637331 -0.48949377309006253 0.798758922603239 -0.540616314540719 0.5160943525081215
0.40357973486478405 0.9106705293219202 1.3187063932874317 0.1559565665478127 -0.25499195276578757 0.5673292980574879
-0.5657949032763827 1.3415559523770846 -0.6475158734975079 0.48539673506973574 0.1471638762092404 0.575411624190834
0.2745962147274385 -0.3094643795484071 -0.0051252812537810185 0.009433216401343269 -0.4287003483510321 -0.4086764881552238
-0.4959939367060347 0.8318604746057384 -2.2935930210316777 0.2312632821920586 0.6608686505981988 0.3967698257243199
-0.06741091812426356 1.0282933192316746 0.2193893330936307 -0.5197391939114193 0.48199842546999566 -0.25481028746271245
-0.1231687399775709 -0.1654418214031483 0.5851036498442168 -0.7021298965028591 0.5281917306284195 0.00481809528301705
-0.020267122587554823 1.435413341452202 0.629386471609072 -0.015758501227536043 0.4484026395708122 0.436775804469429
-0.7055306050686971 2.04642827634254 2.5674447389699595 -0.11073926051905895 0.5087928457649031 0.46835335012166396
-0.1237720603169845 1.0595352730513186 -0.9655202444270635 0.22313689763120104 0.5139384985306765 -0.21893765860213998
0.529891820042152 -1.0511687350202485 0.0019040856173360753 0.0023815301729935862 -0.42975444701359766 -0.43479778766193966
-1.0683810238071825 -0.21614636805288273 2.2997975665851254 -0.5957604967427607 0.4929622926078546 0.11787495860915247
0.4372390538317111 -0.8898784885817111 -0.015525653814555323 -0.006320264782245312 -0.029058216524847993 -0.048533902782581996
-0.25435371598728634 -0.3414013213732151 -1.193721411847448 0.7009468505836528 -0.3041972627732353 0.4940219425848915
-1.0349192552725412 2.5389989480010153 0.1069372651298331 0.04159492885139299 0.5017681505776078 0.5618359217854574
-0.009253202731221908 1.5993216527297398 0.7955796871169265 0.4555232657468825 -0.21332043278256854 0.5306646912651322
-0.5999502991563139 2.1771521206336777 -1.3947207972788709 -0.2763622107900485 0.5260785557730816 0.24875786786052118
0.46843481954699956 0.8058144286930191 -1.4531785339491372 -0.13769685093373335 0.5219438232745983 -0.2818390663299033
-0.8971489250794702 1.7826555586269544 0.7301627709730208 -0.5523112974251201 0.5148998756121012 -0.3140591909660796
-0.938486417010872 1.394389233210967 2.2671009230676367 -0.3869743217427247 0.4830612344070253 0.31472110640547485
0.275777283104502 0.2930112838094219 1.4397036894843103 -0.1508202387211056 -0.29104981769466154 0.5450399593675311
-0.12345101450677963 0.9316392325855909 0.01196492271416948 -0.006990093574516172 -0.39959078322178143 -0.3995215818386469
-0.7034256548584725 0.8804604119065679 -1.1558467831673906 0.5834255365093836 -0.14250480393667683 0.3456154889392217
0.07403587242086726 1.751564539019745 -0.38835131036082643 -0.18914951053066156 0.17481028788314754 1.079104906714573
-0.20353035030316768 1.5527652094916877 -2.5663718210640956 -0.05328732092231209 0.5295139217024449 0.3108759424541632
-0.3905539627859158 0.3169379034651825 1.1688307927221278 -0.6550886850922244 0.5259212480885106 -0.3690197684548137
-0.8864511586922785 0.5304273713150018 2.5740649207914994 -0.4789352059772145 0.5280896197802735 0.2623910358805932
-0.04825497917134995 -0.26094504322690804 -0.40647875782333737 0.909395020713385 -0.48694562853749485 0.49009332675213646
0.7860299698903935 0.20327162362181164 0.13005699363535939 -0.001595833865925006 0.5097982943864284 0.5123413929486752
0.9014195008179268 -1.34209105834125 0.01548479044592815 -0.00496025201244904 -0.3218449917482079 -0.3141229788144104
-1.0046563006259845 0.1552221148703874 -1.4523429277321787 0.5652667272924955 0.12945854940794405 0.13804615307656176
-0.7429508563206118 1.5072680548054542 -0.707914848063434 0.6731386053818579 -0.26583037369643325 0.5275041332102952
-0.8247549537316862 1.397900732406289 1.1573109504156232 -0.1952567086152284 0.17204736438067797 0.3741834333438847
-0.7709924077697342 0.7796405979649577 -2.303277154686316 0.46549342137571437 0.29452483480056757 0.5057840749879877
-0.12033859940881089 1.559393222059347 -0.7610805383777404 -0.22499156692157757 0.4713325486091098 -0.2381387955973581
-0.6187612173476839 0.6833693387791049 1.6134518658005461 -0.49652752356519547 0.4845252870234903 0.17332439540359848
-0.7780224094902923 1.5123502508156261 2.517105576986107 -0.18910560335576496 0.5100286031996898 0.3005239249631749
-0.4909393641699094 -0.6868044224345523 1.4844802848722978 -0.5521339208598054 0.5066738031538623 0.15530283386395546
-0.3539231205828315 1.8320655541003141 -0.21960054433020065 -0.17155667900668709 0.4988029902400512 0.47291334188790735
-0.10058396188826724 0.2439081047424049 -0.7097992066254697 0.6610966387871929 -0.23034399842743755 0.5246954649045336
-0.9267627472888994 0.9084935983413817 1.260576700857961 -0.6551754090710278 0.31703942628713316 -0.1536663066789579
0.35977361923936835 0.9412370999695837 1.4259851528262104 0.1528702283786522 -0.25231408513835585 0.4342940400548808
0.1658990974624245 0.4196344130565918 0.3878507117286749 -0.6238784480102546 0.3994126951399298 0.40574076101404305
-0.8213853856095262 0.9284230708134582 -1.1392584882422425 0.37628068737725623 0.22765515608472384 -0.029694349262266103
-0.4652455493520248 0.8915160739943085 0.12404468648131331 -0.08603181986228083 0.1724016006910192 0.20771677534916094
-0.09023289901852971 0.9853463715447881 0.17746396221622457 0.3931430662220138 0.0061184745712279595 0.4819329465009582
-0.7058875667638331 2.1079860962982226 -0.49054494613353977 0.01248657424089403 0.5332214584293206 0.43523498261860727
-0.7980850732018745 1.911930443677806 -1.0388019180745798 0.8166346475618042 0.14139538480358313 0.8940769329307644
-0.6234762711251945 0.6484321835248699 -1.2622324700346457 0.6653574418329006 0.29593111490002677 0.49044020692453333
-0.42315931540298013 1.3113000422131773 -2.280042150821103 0.7772517827641082 1.2565687583309173 0.4747330924385159
0.18854892566342507 -0.06890376968407137 -0.051002937912694064 -0.7918992108397673 0.3587424568300324 -0.11792680798912857
-0.3601118740018342 1.0135776617635486 -2.293437563718971 0.238187737474134 0.4632164447830029 0.22994402991994176
-0.4104574601366702 0.9854458504138539 1.0477229862817263 -0.3205912812273342 -0.16536154986517532 0.42367472677674384
-0.261685425311341 1.8499960145941403 0.828354454348089 0.3226403535945301 0.2003211362551387 0.6275717173466864
-0.6640900966811827 -0.08950439368028335 -1.649423592821604 0.6325728778735012 -0.039636391450154365 0.5310739197492362
-0.5834660248543094 1.580697910842305 -0.569665376741046 0.2959931713436272 -0.2169031115520626 0.5162060797155976
-0.5790985768227057 1.6113230242285426 -1.1205018425480013 0.8075974274664272 0.5572601162428718 0.8982906767949841
-0.4910779775707003 0.8113044185997479 2.24668311702627 -0.33181918178033837 0.4879933078344944 0.31829370501336407
-1.220125081614691 2.022343186439036 -0.0028136150655535754 0.2587415822971105 0.11813589212105521 0.3365535492658792
0.08449357008145661 0.08013474547540167 1.3510636491928878 -0.261455868452597 -0.1611512795923021 0.39319478488157983
-0.7829597679229019 0.901874578700155 2.5601764364715085 -0.33495186987692877 0.49456642940227064 0.24803465104494185
-0.7332869904235684 1.712560616139485 1.1629383245921645 -0.31872689943676374 0.5469539277820243 0.3582177964147292
0.36658836181913024 -0.18255338102925944 0.04728566674291558 -0.009216564857199669 -0.31877552492567107 -0.3453045411393945
0.21698842328147847 0.5367463426984653 -1.4667604037158555 0.1391034751126574 0.40909638779993124 0.39160970773807974
-0.09927619106471748 -0.23322102034032946 -0.7566498127575066 0.6726229450472221 -0.1093676878172734 0.4999930535649163
0.1874986181402586 1.1727768786955237 1.997789389027001 0.11686235930618281 0.22775302446378276 0.5047189777495009
-0.22571060519641417 1.428011611205022 0.5405158516375289 -0.380919358369661 0.2601728994937253 0.6579200907936472
-0.039451061096020035 1.0102919492766163 2.5409263596216447 -0.24045885805689163 0.5003304192854401 0.5053115567508087
-0.24433566556606542 -0.3966886076820121 0.8882810601276977 -0.7576662418152114 0.49625409726759545 -0.4271994780887758
-0.1430597338255231 -0.4374288160747526 0.3837553030784554 -0.720046710863409 0.5567542279200108 -0.8080173741346284
-1.0340709678595261 2.1073530730391212 0.1298725129329635 -0.2900887879821155 0.4426077675346508 0.23029072792844782
-0.18763283234427847 0.3903596533978048 0.6605082876409442 -0.8661662079811507 0.48180164530822633 -0.2587620167325842
0.07782676453617447 1.1292076590835547 0.36048086053380485 0.4463710033506666 -0.2917105519307722 0.46529859091719417
0.145659568338469 -1.1683638484671528 0.4940734407067466 -0.36265533400936684 -0.5196644167310344 -0.760587894129203
-0.8642797999135841 1.9414892445751049 -0.2515059011872836 0.020424598808029944 0.15617473404735804 0.5903912141595686
-0.3186333633009247 1.5944744572196066 -1.8210081733264727 -0.017735347864329058 0.408655092483859 0.34272311841103303
0.4032553673859822 -0.6270541747885131 0.041206480230385895 0.01545237010798896 0.2572295379666678 0.27909618754538756
-0.40240440649560594 1.0932510782310212 0.6331300755772821 -0.5263597408215649 0.5251494011897138 -0.018691942339017702
-0.6319940853475847 0.7825292187079277 -2.2593410651678347 0.3304730450095573 0.24895509737532465 0.4877197091552613
-0.9366248804733229 0.9322002648839233 -1.4727634819195798 0.632514621703436 0.01752532535633383 0.5083701387561039
-0.9964636652373243 0.36781152789006494 1.4068541087552404 -0.5466466906624302 0.07478134888575709 0.1616523626630709
-0.20234719156052883 -0.022500089020169884 0.9345102918289503 -0.5630730562322604 0.4635598410719208 -0.09755623936403224
-0.6843574109023409 0.9184321491132522 -2.717886161232488 0.3240992707499551 0.3021907507616885 0.5025042451654794
-0.5796574508776079 2.050642866720779 0.06343101375737854 0.07840789605157504 0.46957482280738944 0.49125171317240757
-0.24705077941847178 0.5790722857620931 2.812908530786996 -0.25994164926067 0.014146127297977974 0.5805826911555082
-0.4229791004852199 0.33639564061507654 -0.9982162466112147 0.6968933417238344 -0.4284836487398243 0.5060116430110292
-0.05846877284227915 0.39684632101295253 -1.4368808623423142 0.7761089320505105 0.295898153731453 0.9228788727499672
-0.6576838626035241 1.0330659848037707 -1.7355464140837142 0.853473627820083 -0.05635917838683156 0.9682213827584365
0.12066149821884477 1.4370215053523758 -0.07198983997863548 0.09885216540325902 0.5572283315303466 0.6195396320858004
-0.55218595383996 1.9720544103001512 0.2194296492907546 0.42768171803514715 -0.28352881481312187 0.4655389161813956
0.09208160325897373 1.4788264517233767 -0.7275296980597387 -0.5283776638611836 0.5175713439027981 -0.29039313736921674
-0.26893495435703163 1.6595719543511824 -0.7843878690572648 -0.9102128348129024 0.3280010418681872 0.4848758277318631
0.07672113235367319 0.1553156454414322 -1.3657262405301205 0.27396907528576764 0.4298923133853873 -0.22280001471090474
-0.5220671362090394 2.240585204325625 -0.33983755907547114 -0.17029449110094314 0.07046470263804326 1.0628319911270196
-0.7794551254683614 1.5787123122960307 -0.01631207768947593 -0.012008793116340451 -0.0954828725688366 -0.12149140113468893
-0.45626821193925965 -0.6742677107506518 1.8743715964453866 -0.20239928158949352 0.21014418225655263 -0.1551839636251846
