# Tue Sep 16 21:51:08 2025

# input dimensionality
5

# covariance function
CovSum(CovSEard, CovNoise)

# log-hyperparameter
0.7635714717294528 1.2424532681074227 0.19156044542782452 1.3930704025388505 1.3388786693607093 -1.9172465335739146 -5.7522758460055075

# data (target value in first column) u v r tl tr
-0.027295786871518714 0.810510678339657 2.5881638678504206 -0.38859384451453655 0.818172821337525 -0.018074226126375634
-0.6660839763554333 1.927680970434385 -0.2830700203596115 0.36828593404437987 -0.22481383196967578 0.35330894530789647
-0.01208746353074933 0.4242263758721589 1.0479344617217412 -0.1343870354539613 -0.44278634817144563 -0.020398714736837985
-0.048290536671532915 0.9685225458375196 -2.744346259866236 0.45528528695844894 0.12701905266551014 0.6340791533104125
-0.43319824580928035 -0.34457980214628825 1.866073668545171 -0.6610879342478253 0.5423299790257423 0.06119109441171668
-0.006493165495714126 -1.0718395431267713 0.0018804023056669403 -0.010022310228229645 -0.4180042795270071 -0.47572271508415354
0.9086520278605187 1.6247768187983114 -0.33691867810665554 -0.5256255023620423 0.512933920101401 -0.4681389518804712
0.5131249672916767 1.1006856616789567 1.4154814649221912 -0.5809831769736937 0.47048581231824416 0.027079271262178496
-0.07349616212346395 0.8162013151212977 2.6345012444649005 -0.3267154928026662 0.30197948574581107 0.7369130240385734
0.2583180340871408 -0.07274228098278418 -1.6897164868360293 0.5924318278407129 0.1226520310017807 0.4875509101006307
0.0011125426284984503 -0.042368348430752156 0.3083254802883313 -0.8829007208822532 0.48168910225777556 -0.513528780986962
0.06821117321201282 0.6510140721626989 -0.8890621319908965 0.019814917258661482 0.16346247201243366 -0.554057981898601
-0.6614629168519919 1.34214091361342 1.1967399496069897 0.3750593743921815 -0.1839051294378148 0.6531673040441764
0.32320323995782446 2.772535938889546 -0.05281499520844761 -0.161129491259987 0.16256153513001684 0.7892228191594954
7.626056041575881e-05 0.04483367162801119 0.2551946134435004 -0.3119926055437249 0.6570416994433963 0.5692740818786439
0.11490405380448587 0.8468665487670983 -2.464299125427128 0.17861163841034342 0.6107202370151535 0.2902093498265933
-0.14078581099572673 2.269928857855017 0.12226988402933135 0.05192461819680977 0.9377608845376332 0.33793421152120123
-0.43234377876066177 0.7289266876270003 -0.8929418466986916 0.6489852656966417 -0.8240762959256626 0.5153054132293459
-0.36520142621161866 1.0066268719056426 -1.3583972454518018 0.5338536635440002 0.46073560435145317 0.7316592071816637
0.017651372270271987 1.8638470138517576 2.491071507827887 -0.2002145270131946 0.5226698434548249 0.34090424598604785
0.5934284278161066 2.0142309512057386 -1.9788901698255574 -0.1649537415581799 0.4328678924262541 0.3748629222960416
0.26335668000472806 -0.3687574922973387 -0.44549478231655426 0.7958590214676771 -0.4978728300231757 0.7003792987723323
0.37218245528819766 1.7312818838295638 0.11552307972103473 -0.19643334829809245 0.4428862457913028 0.6555482807377264
-0.3279823733873427 0.37594386132214275 -0.5029959285406922 0.7940785035863139 0.01927803681358841 0.07646795284087984
-0.41260608195522974 0.824153282955376 -2.402912150099132 1.3534695974911282 -0.07994702357413438 1.4854979750995174
