# Tue Sep 16 21:51:35 2025

# input dimensionality
5

# covariance function
CovSum(CovSEard, CovNoise)

# log-hyperparameter
1.2259161569505674 1.380171742406222 0.7706789833213424 0.11778641556921905 0.34330611611820067 -2.312525882327002 -6.127960800578314

# data (target value in first column) u v r tl tr
-0.08727625155589355 1.0054213701125168 2.4105097876096955 -0.48401718038755864 0.6975421664971175 0.15606536930871076
0.07335059868154276 1.691890991299434 -0.3720391080253155 0.3652174624849021 0.38015452016576706 0.724793324205001
0.16391240386018005 1.6757133174018255 2.767666250706988 -0.5024015187373583 0.1862750450203706 0.06046482964609705
-0.16447763503159626 1.0296095867571793 -2.8329653164984685 0.48882906005431176 0.30905486597504794 0.37726665879757043
0.04134667315101391 1.9125114234007172 2.659793506669036 -0.025215386119783016 0.49500864287783264 0.5197191663705858
-0.016966128734048132 0.5872596609369721 -2.540743432090417 0.4069275763538173 0.4096945971278138 0.70540275613442
-0.25491700966586506 0.1845076437355753 -1.2168481863918785 0.20973865803638167 0.4174661977505484 -0.1006237493235309
-0.422054720592138 1.5594637018757886 -0.22578896405003593 0.5669113269826334 -0.39795825694416526 0.294299299077379
0.05394849137626386 1.9782921834171938 -2.833505186468065 0.9963166699806041 -0.40107319146910325 0.9587233370331428
0.3818516087953585 -0.20771960986324692 0.656738568214287 -0.9634906172390556 0.5792675451502257 -0.5560317700537969
0.018102508406658908 -0.8279099994519069 -0.0020626066744310768 -0.009763815709616385 -0.465666868001822 -0.46988122767499235
-0.2633652111323084 -0.5168185566727551 -0.7464456537172164 0.8969778891707639 -0.47638486290936305 0.5737984526937162
-0.01951130387844089 0.5186858881356703 2.4255588862154953 -0.13015403428491862 0.517470322815828 0.33959864896376674
0.030756575658836653 1.4453567887439291 0.44311630258025697 -0.45738614730569216 0.5965557703024078 0.087368655104004
0.13825039431669348 -0.774476398689119 0.7325280010241249 -0.5411973955985077 0.40698255737862593 0.13785632973824102
0.32348138845678837 0.673542809681951 1.0834718137260124 -0.4647432120857309 0.1902140390953724 -0.10533346532284142
-0.225944462468206 2.5785303520247873 0.0909164556351868 -0.16401908732098905 0.7243365946837304 0.41123652320131693
-0.004537260623329448 0.7861022605400642 1.348779066749214 0.17510135040737218 -0.3355028072272841 0.6198903582876305
0.37545858642731267 1.470989646251874 -0.48153721215873796 -0.40003981510925607 0.3718841207334412 -0.5817109248826331
-0.05107475260957467 1.6735405895289954 -2.020203258007751 -0.18609929110159285 0.5631274027179509 0.20711931154607005
0.11808469520372517 0.8801231788906834 -1.9584323935838914 0.20317586469891294 0.017778348281966557 0.6181487521139475
0.4583166960670751 1.0286010121025906 1.3245077530794047 -0.5466746289814542 0.3448871533862448 0.6745819620674606
0.13099112479512554 0.17336404411174516 2.886848616458786 -0.6323735966895841 0.43450097803567717 0.2523718874973144
0.09449418764102432 2.5801429756468712 -0.12344542201322081 0.12953915069503663 0.22423099018510464 0.5278011221642952
-0.30727302456713945 0.4542663776661419 -1.2832617130343216 0.6692910429311656 0.013257262151999486 0.4197024841267547
