# Tue Sep 16 21:52:05 2025

# input dimensionality
5

# covariance function
CovSum(CovSEard, CovNoise)

# log-hyperparameter
1.111380915517992 1.3656762095953672 0.17184489076199086 -0.3114630170610727 -0.16841125768021736 -1.2263365125098162 -5.0859506935821415

# data (target value in first column) u v r tl tr
0.36883724849618144 0.12382610255282728 -1.3160707832016032 0.032218252461964574 0.31557375721569725 0.41882951829674125
-0.7317526310541026 0.17008600509698654 -1.9640433560023707 0.6044779445261896 0.18785319068081893 0.553328432176218
0.5166095043077227 0.8795158118514175 1.2516664347398256 0.23849100015095356 -0.27315017997259544 0.5062034366406473
-0.562407641067505 1.537492514399547 -0.4825636073397382 0.5372177114638758 -0.25028361804973304 0.4984610338051735
-0.76469383143368 -0.18727465134135626 2.1855784320302187 -0.483191686841174 0.4954945738657494 0.19877937868586545
-0.42478804481967397 0.8748540863122334 0.8656258873914746 -0.6569292018774543 0.502357650061318 0.04071322218704732
-0.5393026823283444 2.216786231012481 -0.011184137034356183 -0.05181112841413927 0.5891569444669941 0.5192619852613137
-0.21515035979738154 -0.020254264089091444 -0.9039257083616186 0.6708125719267614 -0.228220359974179 0.4633594535866261
-0.1508792639011868 1.5342256108401655 -1.952696004143921 -0.09297875900014932 0.5039588390112592 0.1808546617119282
0.6816170664202055 -1.2600241041932891 0.02526058203803978 -0.019746273056807064 -0.34199008956331806 -0.3377320686983443
-0.6724371583996909 2.3038812179069525 -0.15305628830423962 -0.5773393242574348 0.6463158120292135 -0.3889193442956616
-0.45866510806771743 1.0824896186042383 -0.9924963295326091 0.4480412387694013 0.28060813402254103 0.5170459012812361
-1.119732002970874 1.3883280322349565 2.497950360956162 -0.3555481743042507 0.4985656231797816 0.2224032070962252
0.185509136944957 0.08645256739429037 0.01304966959996754 0.010757314816938075 -0.42900927998234184 -0.43186508113608113
-0.1700666702183577 1.4586212662312084 2.239181507446583 -0.14129061497828882 0.9262187061306039 -0.3361845964739971
0.05983955093382888 1.162231651141194 -0.5132093430257301 -0.22703591361510664 0.35283690156926784 -0.2694046831811079
-1.0218885793091312 0.7021676439006053 -2.4601304994546767 0.424856681450225 0.26798885336093525 0.363182366621579
-0.2642816453328548 0.3400505425936431 -1.490955996946202 0.3444860109480144 0.41505050785562436 -0.11924816626407841
0.43953703630568663 0.6670477517357299 -1.7694982657400011 0.3207642192278449 0.5656543507036519 0.6182703613727776
0.038270779460665885 1.1418667197635035 2.3133037762497186 -0.1877174917198424 0.49807429088207944 0.5187972997822196
-0.2815813738931858 -0.11229315391047043 -0.5806210861627586 0.8830056964166594 -0.6262484640375585 0.5395750218167027
-0.5040217924518804 1.1188707003284684 -2.563549864685947 0.31798930481134163 0.28752008643761806 0.6201005868769193
-0.04358353813926425 -0.13572410991159772 0.5759145148814439 -0.7787885978914751 0.49184459032815386 -0.4094684346968614
-0.617742375627369 0.5259606394232453 1.4094060386787908 -0.4177009474688153 -0.049674498624519066 0.343474321873942
-1.1428209567667291 2.040047446069038 0.44285831088633143 -0.019427655587145088 0.2685631140316454 0.40861940637227007
