# Tue Sep 16 21:04:58 2025

# input dimensionality
5

# covariance function
CovSum(CovSEard, CovNoise)

# log-hyperparameter
0.8194547280274286 1.0601687469528804 0.03785420312828773 -0.9742560929835303 -0.3542113029172797 -0.5667211227098631 -5.474622260364869

# data (target value in first column) u v r tl tr
-0.3719191753073619 1.0919521613611631 -2.376507813968502 0.6878242994058489 1.0357767149562795 0.17107470514393955
-0.8408772806558747 1.5976271634246695 1.7401707299104119 -0.3299294167837729 0.5062255123103317 0.3335559393647113
0.28376439330449016 -0.16967974536636002 0.019326456171111436 -0.008874610838457204 -0.38676104265991673 -0.3831329188255782
-0.33377400886079023 2.1116433048638834 0.3136857841391655 0.5571440169614545 1.048407913678639 0.046733860970105665
-0.4228633025757957 0.6944899101145943 2.7513931841065014 0.0007973735383213605 0.8081477339679033 0.16757243596602392
0.1847542320018468 -0.018690200162835603 0.15461730574194382 -0.8729613293171203 0.48816315683732564 -0.5101025748480156
-0.18488060693546757 -0.10038760766342998 -1.0129539164692287 0.6105253503939801 -0.14818919990212484 0.5349796336126451
-0.7123504884510705 1.5940838094385803 -0.4182146069378407 0.5369318599196022 0.0989697477439663 0.5684167447818651
0.20338418435066702 1.4213398072959622 -1.0524170380480415 -0.37333290166408145 0.49329964884633176 -0.2779163553562235
-0.42930544300727924 0.30149985366297305 1.0821462085148217 -0.6810214144163464 0.43923413858214233 -0.1541203629250101
0.4176598286135258 -1.0360285690104192 -0.24416237464296148 0.5236102647342015 -0.14603186397941478 -0.3902605667152579
0.27820304063683043 1.1822663178408614 1.306399832384573 0.20328030790765741 -0.2816482452349371 0.527625710249562
-0.7157151888793707 1.9189672838662744 2.5377050098859493 -0.13880314385185072 0.4901709345818798 0.4452140938648327
-1.099671097915914 0.4638006665522125 -1.4048531810599214 0.6115451179327401 0.10184817219218398 0.2109835315165177
-0.3055291498303722 1.6038433581548177 -0.0826813188857298 -0.567699245422931 0.48582565060610716 -0.29737958836605705
-0.8604067722513964 0.9729585647093659 -2.0763593872115407 0.4573120346512121 0.26058443760182354 0.48044981003473525
-0.9743386379666509 0.46222554887717554 2.3612176737678268 -0.5302358284488811 0.5032231931823011 0.20393121537053227
0.6939436083249474 0.5196097978697649 0.2974301915878347 0.0767252551107376 0.5647704227509287 0.7447218743980172
-0.3744930131413579 1.165964560403474 0.7887912802297118 -0.28889880141799684 0.21470678670177762 0.5038227384939911
-0.2128612546034139 1.3748518536184515 -2.2904740196585993 0.015534653891731502 0.43257220083215875 0.33206791365536364
0.10664125945812751 0.5500660370380435 1.4964689175755737 -0.13439193525746773 -0.17468699709982155 0.44554665802868865
-0.6625794325503354 1.3354628017307117 0.8864927659382617 -0.6148350887084658 0.5232334124067292 -0.29516883507867814
-0.7773948284010171 2.024317492500952 0.42780022918496197 -0.15357349815658267 0.46460471449485646 0.3843052709847505
-1.0611044085083554 2.0914567226455527 0.1372533549696796 0.10372174738780533 0.13919325839403487 0.5207030537054399
-0.2406724561334607 0.22047699997837963 -0.7775267327086485 0.7657389333421473 -0.3319262426761081 0.5063245231538003
-0.72895339976458 2.166392637840235 -0.11746287420937401 -0.04122956021127324 0.5374238934645653 0.47242708976573844
0.2997671451577123 -0.8784986387522462 0.009572725037997344 -0.004592369559113581 0.04528698843026939 0.04070838702506579
-0.7548110359171033 0.9787240496026256 -1.25112390623475 0.6110185939706745 -0.1526050054080323 0.4521430739998242
-0.07793364070637392 0.06628792221231133 0.7155273771463234 -0.5800482056574813 0.4908835912214917 0.0832619470248839
-0.09855575483455957 0.7923477418135082 -1.0889894536915858 0.23648591003009983 0.4197449810464669 -0.17626918475962458
-0.7005876042339152 0.8297770694065849 -2.669698141024111 0.34760006200294435 0.28711178982727026 0.512831718224754
-0.8545691449398243 1.1155464808410445 2.2813494139107617 -0.42021921118371564 0.49856079918978746 0.30251677523068315
-0.4571145280321606 1.1495512862727022 -0.03515620616987905 0.010820032836187866 -0.11564292482121195 -0.1187431739213217
-0.8741468930819067 2.3928945405765214 -0.08261556401809887 0.026143112691707486 0.5023758684197025 0.5820894240695276
-0.11050066444403532 1.547997419266277 0.6124624659326822 0.3015006196234752 -0.21037132415467608 0.49822046899394895
0.4708103351009843 -0.7253604679428756 -0.0004348264139286877 -0.004160697717807181 -0.4082615917454118 -0.4004404007584879
-0.8099301632303675 0.12160201610042186 -1.686825853705735 0.6084764872951725 -0.031755646994823146 0.4522978691271197
-0.1752611702918051 1.6995594685927962 -0.758262048099184 -0.592373677016516 0.6803006660539738 -0.4287746343926867
0.08580999688207358 0.03153531015679922 0.0376374989203944 -0.5527641752614784 0.6525416477664167 0.2941322813501889
-0.9229698544431959 1.0310195518163452 1.16338872688733 -0.6041335700290444 0.30825918894050686 -0.12137335822923191
-0.7449225424494575 1.4356648933357548 -0.5476680131359479 0.42699565300581216 -0.04704236292827233 0.3824449558951021
-0.8947053454357408 -0.062383635754807154 2.4962455574986584 -0.4861329717620806 0.5153074138775157 0.1975824892086732
-0.7470303368963009 1.2730947791905 2.6089953076706816 -0.28626171835236625 0.4952619431848662 0.3297024731327461
-0.17265208805034366 -0.30882514244180015 0.7181774320891018 -0.813486082812744 0.5299754976246714 -0.4271626487377107
0.45395574971317476 0.6463390983660225 1.1921742511805093 0.11598813978996057 -0.26285382076104796 0.5005055022381618
-0.6068762622453457 -0.3639316999422919 1.5336823348889563 -0.6449024079443015 0.5048027316961666 0.16317517565041834
-0.6288104155205259 1.8981762877853892 -0.3164214836812351 -0.3254776556731008 0.521831151759619 -0.02370785923966372
0.11671623973443535 -0.10161383127927415 0.0031509439038372353 0.002060948486244089 0.20956111654305448 0.20406089443946207
-0.03197932080760969 0.1399021611039109 -0.6309744226507374 0.6342116503423993 -0.17814216802188845 0.46701834354028354
0.1645771181828838 0.545627543401295 0.5372986501695732 -0.6783042777108839 0.3965129377185149 0.5212909346674273
-0.24629451937459004 1.1760885557626064 -2.441395808285366 0.08109467730605008 0.59578811035239 0.3244638878164259
-0.6008083414446818 1.018522191661718 -2.20435100710989 0.37262821819254877 0.3403107630294486 0.5282215832821159
0.2175996484427746 1.3656548571678448 1.03938292528857 0.4344408430758632 -0.2596758729820366 0.43810740187843744
-1.0922290114254956 2.3406098530097013 -0.6076891237222554 -0.10821208642571281 0.4028512791153586 0.37987017098476333
-0.47230788990779254 1.5888363611612295 0.5835163391808296 0.27567849514924286 0.20435345591301046 0.42374851770764294
0.07623485550124627 -0.2654902389077259 -0.23803830450305508 0.8292491129852344 -0.48016278520757094 0.49907434213075236
-0.5967572540982863 2.196490954189328 -1.831354904483919 -0.1936788585707724 0.5222935561726427 0.3020839242785216
-0.575555228373871 1.050057681130128 -1.0710254541444046 0.5045463466917781 0.2628014890015862 0.48358538634782156
-0.6555341665821723 2.2214088758852846 0.4329156171372051 0.7435502741797698 -0.2293367228344703 0.0947231203711138
-0.8426096575528934 1.5032578153201284 2.5542118926639734 -0.14169244610588547 0.5216120915011982 0.22180355469424864
0.6694036647850038 0.4831772224719588 -0.14083466637697334 0.009624683892943409 0.41972546611022366 0.481014306701941
-0.4226602031495748 -0.0004900663276208451 1.1973381093753495 -0.7103162647124086 0.5023515244834066 -0.292412384960692
-0.23386087242496634 0.18208057639436256 1.2810822634133043 -0.40525294250653743 -0.13404344769740134 0.37648716021265277
-0.6735777549500367 1.1468463165546303 1.7446868330202738 -0.008360723649789686 0.9068660635117062 -0.1314287728905922
-0.04886305268848493 0.7196783516614614 -0.0007501042253508485 -0.007947721720347458 -0.42233492371582976 -0.40440198833045765
-0.5108072723924713 0.6869548711264458 -2.1748429978057304 0.34947915576286565 0.2976075476672207 0.49720594089721926
-1.0137043464097915 0.9649842857713398 -2.01788643117119 1.4112105440799512 -0.5543940447847375 0.3411285702822543
0.18590563884350908 -0.5007253025766427 -0.5198722618642004 -0.8837231451296852 0.5732568686112792 -0.6974714121162341
-0.4985494983483316 1.485401442614915 1.1039818463562858 0.027635426431893362 0.7565565373567829 0.2881970167339036
-0.14345653750765933 1.6655767168878068 -0.05664077612931368 0.0858012386503412 0.5127493228829532 0.5139487392872043
0.1562624962845239 1.0433531823240774 -1.1669750773833616 -0.0017374358069957468 0.5529265608458382 -0.2738767516779207
0.36928081016394493 0.19792501337573606 -1.4986378636400863 0.12587954708906546 0.5118323078335345 -0.2884446541923382
-0.7227100372786347 1.6046678027238457 0.53609346155211 -0.5024837703986199 0.5150823671482133 0.13958418252021162
-0.7442684665161455 0.7675922709250175 2.5295703408296597 -0.3657410521180311 0.47675452209238495 0.2720841982782702
0.8442651179762034 -1.0840308793851596 0.02400322973425488 -0.015907998744260833 -0.22290438741271648 -0.2173427889334523
-0.7866000035654038 1.3286283741372704 -1.061833392419785 0.6136560267355895 -0.28234236607153584 0.5372851907199858
-0.27938710840206493 1.2865594580772801 -0.2208427002271651 0.4653123914511227 -0.2874884980733538 0.47099574289039375
-1.0238735562571621 0.4768784945840673 1.3902802186464553 -0.5212801488742559 0.08230323064173767 0.13882644798382932
-0.11749600518201478 1.3685466780739968 -0.2066673535610235 -0.3655875534899323 0.49415834422942123 -0.274295901051437
-0.9160047595058544 1.0680947767958768 -1.025074787443416 0.34725650634282196 0.15444157456059576 0.023557183825877123
-0.8264550599593673 1.6629988468166155 -0.5660905127227401 0.6082650252142912 -0.5827272232426748 1.015250039180525
-0.43330195791829995 1.5889914490904076 0.08734526565430463 -0.020904875949533646 -0.28372533208260337 -0.28693588878808535
0.6811382849292485 -1.2649590288893875 0.003175409253436067 0.003195822545864779 -0.41989704616133505 -0.4217902333482245
-0.7010993110507187 1.8324269475734904 -0.47584524807156875 0.22865673931839497 -0.2185555049521393 0.5134453017284425
-0.4986767210559864 -0.7130771589034437 1.7599287897697344 -0.3940621841078878 0.5306979068720237 0.04659753302200127
-0.31638826402946857 0.2503026153201286 -0.8239437755240795 0.6651816285672741 -0.46089978102978996 0.49921329684479393
-0.8164594206761532 0.7664304359615406 -1.493642551276424 0.5664477417835478 -0.1575508274555512 0.003938745622154337
-0.415401795002834 -0.3052615304921605 -1.295560651717123 0.7333729482329772 -0.3798537310411993 0.5069270058678724
-0.3104851367561868 0.5224270221133367 2.315714825483014 0.03477269593025536 0.9561104387640036 0.26573667004221
0.7519893287335105 -0.8039886584474688 0.03266357368084961 -0.014276472171637817 0.3635039297525635 0.41014707154275115
-0.06703661771862726 1.7324216976764055 2.9699909086474965 0.28559837070745536 0.7967773288842378 0.45071748205370415
-0.523284689244483 2.08733154163079 0.021600058492548153 0.3155201289211577 1.0330464483761808 0.4052187482059447
-1.4089679054325883 1.9469069279542923 0.06403343206573495 -0.052231733697808265 0.10508817046599962 0.0745953687301146
-0.062041399134449254 -0.4339237067582924 0.5624668662293588 -0.7101595291691722 0.4899182122283598 -0.5737375319672848
-0.3355594679324723 0.37357851128873465 1.1391480781926848 -0.6029368650927358 0.4950114436334358 -0.3669692716423796
0.3420928171792032 -0.937502736965748 -0.18544793002086568 0.30535853740421476 0.4638343808870396 -0.16696975617466578
-0.03300439358146154 1.261457009917393 1.0611427284406063 0.13048046973668725 0.1461063729908549 0.5420790008788918
-0.16771836066821852 -0.5036052578002826 0.7271586516250822 -0.6556751399905831 0.46951708326034963 -0.03348376181040163
0.5052779740166593 0.8526119337457279 -1.3474226468344526 -0.21527788151398444 0.48086485399705603 -0.2359829277893263
-0.5745124696866217 1.1851449105040792 -2.708043848124316 0.7312146314290177 0.9679756253600359 0.2831860443071101
-0.3682036259939915 1.7418302702271478 -0.864807109149128 0.7375131223863882 0.3084504735224241 1.1402873014801707
0.1278672652191172 0.30501440123828233 0.27373298669334006 -0.6523865694739913 0.504763019761821 -0.17228473902871322
0.11732438485911503 0.14234178648574225 0.13124099918211346 0.23577631948567854 -0.3443843364318308 -0.5825976752464215
-0.5554412181840521 -0.4713657233011642 2.0996099874450715 -0.4206044024009003 0.2943382869973008 0.2968697092020714
-0.20862139595758752 1.806282111832549 -0.8492515961112876 -0.11915200582720897 0.31423959874888735 -0.6811538774831796
-0.46512897026174577 0.8389112504891459 -2.479475900554329 0.3193882425604997 0.4915475212780715 0.25601550455483535
-0.36244280404874213 0.592064914771908 2.7004382990039564 -0.2034571990870897 1.1414105115140738 -0.17160318331487923
-0.6605799572683781 0.8347457232728218 2.30775024559019 -0.3723310276887942 0.5182047077932517 0.285982460202596
0.1238860445353476 1.2657464103296039 0.5287474088642583 0.519421528555778 -0.19338395470251776 0.5931896934405636
-0.459295660588144 0.12027695047934771 -1.432815146487714 0.41194649419434226 0.31177822750361806 -0.09357458674203813
-0.8557093901799581 1.691486429890837 -1.3885087659587019 0.7929655475824252 0.67703763811243 0.003549366180126884
-0.4555075762852415 2.4114431395578007 0.6947520729440472 0.6335873788862859 -0.4485956988019981 -0.3091721790313579
-0.20672556972908793 1.7847364183194838 -2.7205910958513124 -0.04234485257500707 0.6766095399653791 -0.09347752075783013
0.002244998918785953 1.3181052589405957 1.6321141643516752 0.23737092530305004 -0.5751544855404829 0.44234978431772026
-0.4052517729929023 1.8685909069163802 -0.6966967596404502 -0.37094112153002334 0.5163330782123456 0.30904562408699776
-0.3270614392793187 0.2847041050305936 0.9049388923801763 -0.6452548363522328 0.5671434886981619 -0.11999565357770926
-0.11794911720214366 0.8957538593375153 2.421314632810682 -0.23707252162895093 0.5014421456031385 0.44310630933358125
-0.6367939772285133 2.1540002623977172 1.0946179334667836 -0.22122148560570423 0.5343727638162729 0.6552618633341166
-0.4367004496120905 0.41266334195464105 -1.4608837757970248 0.6070249652959016 0.3294131827367232 0.5353830865405773
-0.583487382349362 0.6670545835795637 -1.0368419779239602 0.7094296524931448 0.02409273237808811 0.5718570492646865
-0.41294591394092334 1.4957180909269676 0.008401149963867012 1.0857167024125238 0.29841909615333795 0.6707630775315393
-0.42181714493835565 2.1824002400249816 -1.949815864757843 -0.10138550465999628 1.0790281715240242 0.23695804474946147
-0.7542266427856681 0.6379284495086534 1.6887402278603696 -0.7533002178488841 0.09593409107833585 -0.4502989429518693
-0.7085000146346891 0.32985413175546197 -1.7694077678284292 0.6107060899010148 0.03234094324802836 0.6073903087087127
0.26045391616021674 -0.09434132273756801 -0.04598354447236557 -0.8640072153557631 0.3666675427924252 -0.3290160111436993
0.01258532167323122 0.30099871477403384 0.14339773481666676 -0.7530429662449203 0.37023788763793675 0.1308219063781867
-0.2223671337163478 1.1105381476737226 -0.5523014842978317 0.7402225609825421 -0.12828064570028103 1.0304178261877057
-0.4954196226537875 1.320608250038027 1.6260437867800825 -0.1457310929883879 1.002526741737636 0.6314055711925386
-0.13397887417022172 1.2645467814832927 -2.2029934360482053 0.8846053400456512 1.127352838391439 0.19900081817781717
-0.45810973985452985 1.862407761328473 0.4788804622978303 -0.21186494568456174 -0.5797405540743958 0.6815650732845862
-0.47981328141520746 1.6586528083254501 -0.022334026874253992 0.6115422469341714 -0.29231280440050356 0.5313072004363225
-0.4513394819303667 1.1960302318241842 1.3698512940770844 -0.9416096668174382 1.1299502869109892 -0.40749569232085014
-0.9500849167940196 2.384844283386621 0.15478213262823876 0.09314392944162625 0.4974401701191944 0.465345627452653
0.3896067427320704 1.5719432746600284 -1.4878135937804666 -0.5498631162720398 0.38952618269605827 -0.7051150515058727
0.16178646558364984 0.8830372437579245 0.9004305382461747 -0.22273108079931514 0.48058502958181176 0.3710384447295772
-0.3797412424570259 -0.5790805194274198 -1.1497298637696776 0.7061495215801157 -0.05538683150792528 0.49677844079019934
-0.594483226462745 1.6526606552793013 0.5971963788648346 -0.4021203443417808 0.5140587537651007 -0.7077004498187139
0.2108376539322931 0.3067492833377474 1.4327087567882817 -0.20086641760085464 -0.31579788686919186 0.5490570788571902
0.3211084800687671 1.1682917526733874 0.01234552950657827 -0.1607818231297557 0.47760725933967874 0.5420102625447095
-0.3778459014040172 1.5205425612798344 -0.09371394639448634 0.24002729022926592 1.0989414721914805 0.38289814413442075
-0.17343550839933158 1.88424092325794 0.5793055448889779 0.2054278190431864 0.37661916266568046 0.6357110049951764
0.5372679103602925 0.3262129148759074 -0.16806966675210874 0.08218397503419601 0.5551878072709298 0.4036133584414418
-0.30365713147984336 1.6944982137154085 -1.2908858161854024 -0.05585655677574531 0.4972359205599906 0.24888250930529743
-0.1821927064591467 -0.26719449568877734 -0.6318596700706174 0.8682677171777436 -0.5558507063817106 0.49879274704248955
-0.4868028187548535 1.2571315389454645 -1.3223018864874918 0.17125025109179082 0.16372319918815614 0.5974933356935654
-1.4808532664679217 -0.1424426608273032 2.952920403275933 -0.6593346646966669 0.536525786351187 -0.22034503437184996
-0.7589877170713096 2.610810933010792 0.6686492200958508 0.48328559079458416 -0.29950282260170646 0.2845302584597626
-0.6128136790186584 0.855293271763184 1.663094792540624 -0.3611601517035095 0.48583711935164253 0.13948758148438276
-0.6447041344183032 1.617116227352112 2.311150799566418 -0.3109764245065512 1.0820610269227326 0.220035220375267
-0.4132465875954399 0.6313230946439582 2.7837814943604546 -0.3804384314818903 0.7697840504643633 0.5499297029835363
