# Tue Sep 16 21:28:37 2025

# input dimensionality
5

# covariance function
CovSum(CovSEard, CovNoise)

# log-hyperparameter
0.9567633683868255 1.0569970321242665 0.2064449135136123 -0.37824816533535777 -0.2542433268383526 -2.975855107417495 -6.265569802642592

# data (target value in first column) u v r tl tr
-0.5275477982923453 1.266117348465545 -2.538115298169489 1.2211944134334123 0.7176737124192452 0.04210667425432396
0.05024561788976016 1.2246577444908722 2.215447571883664 -0.33620292751713055 0.5330766904108285 0.31806577945350717
0.014863891229072904 -0.5549915089620271 -0.031656751739380457 -0.02279537145165034 -0.34143950764269565 -0.3318391720360467
-0.46028616494855784 2.5439437203592368 0.21909146864430004 0.7684217573661595 0.6186145234547641 -0.20601311047370227
0.2179423744135875 0.9778837357768411 2.9377340191373382 -0.5653484327351088 -0.46569726422362634 0.6384987476974211
0.27001662685314376 -0.25976040945008894 0.6460747080011784 -0.6864861235704864 0.5083273716753044 -0.3511266909733152
-0.2368515675038616 -0.26727825385462584 -1.0708176754502263 0.6086293474826039 -0.33468014153448417 0.5001662564171833
-0.024796420736745414 1.4851473190880415 -0.5288371702482966 0.34228480318087806 0.0812080369988447 0.4690355489696538
0.08091161843038569 1.1861503285774957 -0.9022093194309511 -0.3433698744680945 0.5588343101149289 -0.25373316749228614
0.19517149829306635 0.15719997421794973 1.0673996706002296 -0.5993076081789901 0.47686773784182485 -0.05937220247147407
-0.0937762370759385 -0.9560297128927073 0.7100703188977683 0.35391228464515856 -0.37516097476282967 -0.5052149740894475
-0.05286098460121422 0.9847714883999759 1.6458399554108922 0.4057463072989631 -1.0662908505991722 0.9350750601622063
0.03433832254810118 1.615151590361325 2.375582223096658 -0.28269111881842257 0.5360216419799372 0.358734086846143
-0.21659497014343276 0.7060601470381456 -1.6671443887842377 0.5288298420645646 0.23436211998106632 0.37748984147372433
0.1747957932874471 1.2852055902621207 -0.049073345048063766 -0.4487421844439694 0.5074547305435556 -0.2757118421448826
-0.08365916346971013 0.9026534222873527 -1.8016851070372417 0.44196520340681544 0.2433850728238063 0.514120961089202
0.032027181895845414 0.4366234635524431 2.4090366402393855 -0.40219575984124206 0.5365491027363366 0.23352140011438594
0.05364774005498074 1.0957189018159306 -0.2114084603993082 0.08068372766587374 0.43112048822049226 0.5747865683276964
0.22926478961238267 1.5881469696811696 0.698876572779295 -0.2660569788067536 0.3422860407245464 0.44833803805376987
-0.0004462672466317042 1.1931386432390538 -2.260756592479204 0.20795593041251795 0.30574969720418493 0.479885572986005
0.061868247682819434 0.6197637129229788 1.2458823758920514 0.02548094441806311 -0.2502533066384691 0.4763865150264723
0.21670488395751272 1.0531891514267189 0.7494565060111906 -0.5207047137012578 0.4616422781117475 -0.20133490068014429
0.057101597022674755 2.173788137865811 0.41972101934527994 -0.1575678824702588 0.48863999190268476 0.45486647993919416
-0.1949111120337987 1.6775115302292776 0.2515305674231902 0.5130018683771422 0.08866777542718361 0.36021209038065655
-0.30485391003764595 0.08678310199203582 -0.6847825386927613 0.7158076469072212 -0.3872928221349784 0.5004596238866433
0.028719456545717743 2.3528589156081523 -0.26524027932106964 -0.08707784912651464 0.5016643468679862 0.4878412067333037
0.0628637210238935 -0.6021837460247025 0.03784210694960164 -0.11232101299230855 0.2175995394968645 0.23296542241788953
-0.2161273998360615 0.8509043160899905 -0.8347486334275699 0.5460912899088411 -0.12035193875885213 0.43464952570618914
-0.1760171359430859 0.09966704209673029 1.2383308648269873 -0.528254253914555 1.0292124605617061 0.2636847771445747
-0.16107802086838624 0.7371223641434522 -1.2134442874392701 0.05940416831856103 0.48567294206930645 -0.10337757320710972
-0.009857098814639868 0.7532318603125667 -2.619705136504555 0.3007045901804209 0.26913150659564705 0.542306955995636
0.04998583965804269 1.0004269792084761 2.311087464341634 -0.3414964668274038 0.5286414416122396 0.3044561169401287
0.06919587795564229 0.6352885166039081 -0.01495324666002644 -0.10813613381537124 -0.3984543123931276 -0.4077401052047007
-0.1737019333674556 1.9100594125855732 -0.027914815732015933 0.1208382621598823 0.5794578682261385 0.4144876647853751
-0.15025974893733715 1.5233862941006193 0.5237543322077262 0.40800332362068004 -0.24113794645048117 0.4776113974616775
0.018530607486277093 -0.745927488120125 0.04764879804642696 -0.035327910011747864 -0.37997155686806267 -0.3529473265228865
-0.19630522127165045 0.14163161224680684 -1.781924147514797 0.6900968803090082 -0.019971746734398173 0.4894210997082066
0.03426041513786779 1.7908792892510819 -0.7387955676537493 -0.3847180751750664 0.5835638139869984 -0.010617853534320588
0.15946042491168624 -0.0780070869798094 0.1496439143462964 -0.7226137802382407 0.5579358427883807 0.19504963452705953
0.25457011402374996 0.6232664341618765 1.121043542553849 -0.586664240838172 0.3740304705993657 0.03268170107938886
-0.30921970216955474 1.5386748782297912 -0.6935217210375403 0.6264191182842622 -0.33556011129924534 0.4173310433948581
0.06507046689304201 0.8305929637479902 2.2984521763750516 -0.34944938425945804 0.5076943071551006 0.30061610270279704
0.051133555031044185 1.2993896241676401 2.3733300011446743 -0.28496242215246104 0.5126578219158973 0.34595320580918976
0.35655871936888656 -0.26276180202541805 0.9639547007825351 -0.8380853352844649 0.4729493818559411 -0.5105186438638696
-0.04875681062075166 0.8221795315691283 1.276235516687572 0.24805756494182726 -0.29085419116472194 0.5433526028603768
0.07995614441787731 -0.38765562609305265 1.6094998193954528 -0.4977519330451592 0.4974620456659999 0.09265535975610668
0.021390599804614576 2.612140602517544 0.02583926947762727 0.036623226129871844 0.5543075855597316 0.6501536311719901
-0.10659820646116405 -0.020240860799608053 0.048442926224043496 0.17256166665406006 -0.005994380731801266 0.14457508781961695
-0.1874907363269979 0.1634492361337137 -0.958876827163477 0.6126946405367454 -0.0571443591327564 0.5174936994534497
0.4490166613711297 0.588928537465244 0.5849785993872884 -0.5929580778795656 0.36729032012570234 0.6545661951194359
-0.3099358382259517 1.2803488450734748 -2.2910844455778148 0.38416067758318795 0.5818576847281727 0.3508934017766426
-0.07455122009125317 1.0343883770394435 -2.344556895272795 0.37777976320387496 0.3130165744071519 0.5053572028295109
-0.1592556395633093 1.4158420495416464 1.082908830210066 0.4933200961471019 -0.2870372736194 0.551503055214861
0.031328041502532634 2.1095984393945946 -0.6801752889262652 -0.11522496747002231 0.4951334520783262 0.44445776640502965
0.07427223702777337 1.7694218092525311 0.6034910128842457 0.04985279706064213 0.3084544165715457 0.45480566071476497
-0.28612454101406476 -0.4588771116215806 -0.31856020262289075 0.9335454229019756 -0.5203602270230357 0.5411885819984674
0.06759603528223963 2.377034131255548 -1.8072771574789246 -0.2999231042955286 0.5468328024485846 0.3272950426045917
-0.027243649305509286 0.8414860720851904 -2.3679684287873384 0.3674200413234217 0.26697600047204156 0.5582763257086228
-0.4444848834290341 2.3062744636015817 0.33214301116808503 0.8643431589318178 0.2622835147647185 -0.08490687982202245
-0.03899369108127729 1.1488443512870217 2.736530245348477 -0.208211389648798 0.5022471694336806 0.24514336680873702
0.07531120445927295 0.4383594646888538 0.07853737618698885 -0.06081813113834242 0.39202354697506764 0.45240877322423284
0.22750597312917115 -0.05514773658618914 1.1106221039437958 -0.6748920686687317 0.511192401131908 -0.22156802228819067
0.1529265049833035 0.01594424241650454 1.3996806546055063 -0.16042175053552188 -0.3259928118902026 0.5124291542254252
0.037382632106303666 1.3826550793603742 1.7470221417737866 -0.05569831881454142 -0.06298081723173755 0.23914411663394605
-0.03884515868219103 0.6602602777919013 0.11812623537296486 0.10203485756473842 -0.44675029518415904 -0.45101730528741335
-0.12086099078881257 0.8461611302042104 -2.053543725442467 0.3858105093980728 0.29052299990597463 0.4367375285142706
-0.04439743970348946 0.7306137310010106 -2.5647692580323787 0.3446800607628824 0.27313322778399246 0.5151421616461798
0.27582545779302536 -0.5299735602686971 0.028525416300058552 -0.9007386288047375 0.5587709569058138 -0.7235426370353992
0.022263564413338613 1.9239996066783691 1.1474003472113687 -0.4079472888039804 0.5771983235542986 0.2475489277996225
0.016894785057785952 2.2338284788125984 -0.010773014799535163 0.0075040020878234005 0.5174684476415691 0.561649126520023
-0.13016232260263372 1.2245847256424272 -1.6903640374883977 0.09698936638460035 0.6448553814363331 -0.4499951047362324
-0.2925345106915363 0.17203593957376867 -1.2617654954920499 0.37598974786037437 0.516262705630394 -0.318768989326612
0.28031469104847373 1.4823121071051655 0.3188800946673545 -0.6778907308598727 0.5008257093537826 -0.26536720172155714
0.05530938054481188 0.8199218156711461 2.4297505968324424 -0.3268827348250043 0.49074935312354423 0.2925684202509018
0.015774217786483604 -1.1471918672151138 -0.07524219724734067 -0.04843135775664458 -0.4283903937484866 -0.4145752042740305
-0.28739116764337563 0.890062959664309 -1.488544539114069 0.7719002397914865 -0.328186900458541 0.5039725317521533
-0.2914807296752222 1.556761963645005 0.1482403244672071 0.6670290662402346 -0.3380364527059838 0.488769250843584
0.3199937018699009 0.2677892031308496 1.3900798741729563 -0.48194234140298214 -0.10138507163204206 0.2583496316652135
-0.2517154380073809 1.4022674321751498 -0.0905691247401822 -0.1486185630400436 1.445420239573811 -0.09256058152876513
-0.10405403936797238 0.9718286280231198 -0.9393105390241852 0.055031411622728774 0.3671321300951238 -0.051111192512892166
-0.2047691713563307 1.7806588974580586 -0.8203975609901184 0.6037139921700571 -0.2712140152475633 0.5098058564398826
0.00988921220123979 1.4787860625935207 0.11378627054057137 0.0008000773432041287 -0.20806147819504575 -0.2764928954593876
0.003553945516909556 -1.3752372006571574 -0.07990133715200254 -0.03127398827320466 -0.46311993087808256 -0.43826406093678527
0.1389184908028796 2.2152592446042836 -0.05602987393716042 0.1177806712935265 -0.17077188020484593 0.6021611106537617
0.07154979512143092 -0.9440666932080124 2.037247090325345 -0.7337584703203044 0.5163340578860215 0.10890299970320791
-0.36528805840145334 0.20259843368511543 -0.5137465784671821 0.7901211658952146 -0.43823005488643163 0.4418528958961625
-0.34738830270069954 0.6816062581651794 -1.3124487640393727 0.5394136255098226 -0.08029504881485325 -0.01856474131209261
-0.10658439350546926 -0.3492128427150612 -1.3863527027157057 0.6742661540799352 -0.03308995409760317 0.6591981468562337
0.28527509297214676 0.8844943138287173 2.574839228290117 -0.5758821451326022 0.2910056454010408 0.41451608557104347
-0.13263563813214008 -0.9421866924385564 0.08108745409462215 0.18842320291546724 0.5410766018885794 0.4670082315063484
0.022956348982369597 2.2735758338827314 2.9879124310116683 -0.0853579677782549 0.5016134405519403 0.46982462912199596
-0.18429459661579536 2.413354368733203 -0.0010338342871775976 0.24162621339545146 0.5447383445938576 0.4331462863213525
-0.016137865756161135 2.210036705887658 0.07495292348859893 -0.06516642060484328 0.5294670681979248 0.4629913740505413
-0.0903120107671751 -0.42458084168425364 0.44900070166411543 -0.7393145191119628 1.4096782940688595 -0.46624890087178
0.17538227390111388 0.40559686782151044 1.4363075910493572 -0.5596447069297882 0.6293921159061945 -0.4589786908983978
0.024728689242338925 -1.4888259851891252 -0.05975033673995797 -0.04135689551590549 -0.05051207644589556 -0.10278837165119023
0.30047093580816936 1.1364528264299392 1.1596950134853812 -0.08447498337002722 0.02815234600607669 0.6168162170196833
0.22585693852751182 -0.12089203954626515 0.7549496202202227 -0.7280956938586155 0.4756965912550389 0.038194090313100094
0.1309596693490575 0.7464864062684348 -1.6731526442094096 -0.32639821082643095 0.45682136941750484 -0.3209858061489657
-0.22069735161074286 1.1262791388679871 -2.7644987037470186 0.704970363951943 0.3397739434867765 0.430102552740483
-0.030774038690078998 1.5711097752533187 -0.9082638855672001 0.641731673762995 0.14232009281330485 0.6382097289050004
0.37267781868370353 0.2274155133730609 0.2389659166459584 -0.7881161724345032 0.4790248414358727 -0.4435108291781803
-0.0034956860125899968 -0.20825258920511666 -0.21179237089973424 -0.011722987011889896 -0.5103702990072163 -0.48697167366306043
0.2378203865555977 -0.4109992580221604 2.1216654900755154 -0.34660241970567907 0.23575963481643045 0.44966752568654195
0.07904408453788103 1.5717310316427004 -0.8737824749120275 -0.15764475585976365 0.419129311165729 -0.4181218106156349
-0.3659325479651302 0.9465797610731906 -2.6514615492483915 0.531811491155477 0.5238570620762742 0.14599746750251943
0.052932138451393156 0.3680662320747392 3.0388341620104216 -0.5764312767073162 0.4438046318275448 0.15401305731465906
0.3776026521984562 1.5481348496367036 2.300187536901085 -0.6693714189759183 0.28295947573523134 0.5064912416470884
-0.016763246407227445 1.1314027389461017 0.5019161618321981 0.2938901261415231 -0.7661313303430933 1.058282020823406
-0.17220860434198484 0.06349114613460494 -1.5936670246384557 0.18830654590137202 0.3632526107812709 -0.1841657384634597
-0.3804471842617271 1.433498588883834 -1.1596612405906732 0.639048769655123 0.19678075766351139 -0.01076113573256143
-0.37911060127908097 2.294050098215962 0.2376244832577016 0.5223092843369975 0.5243647551646158 -0.2799775969743888
-0.007897418247480326 1.4979912666880733 -2.8120568471360636 -0.19152488863576844 0.5440208482572152 0.22295997279915117
-0.16324958367912967 1.3973045134101834 1.3146622701199553 0.2447328937094752 -0.49592694894918954 0.42982747408912747
0.292242106099172 2.0740949578731125 -0.5550159496439974 -0.6054994783444858 0.3469437989110601 -0.14331092441117815
0.16911001486719654 0.34145874680412863 1.062016998179427 -0.9087262418256108 0.6691171185966929 -0.07922597684242952
0.15833893998982207 1.2126068703496236 2.240412217013903 -0.0011649254910647 0.1289792407285774 0.5056649133612855
-0.21328292899859058 2.706014675842257 1.4054530950987074 -0.08374505261166063 0.6045809249481388 0.15094204439672962
-0.29094886540947007 0.5760489028674783 -1.3812082950411582 1.082262860211043 0.5320626165452859 0.710263096242211
-0.2451015488187604 0.3760212190533733 -0.8842916642623121 0.7666583433308031 -0.10931782402444185 0.5372234220755115
0.05749887782799347 1.7234016975873938 0.014804024219239275 1.3187130031490777 0.34075938914451426 1.0451713716475457
-0.17273200974122696 0.8631406488934964 -2.52061853530555 0.15235608359485128 0.5444638161932347 0.44121242091184903
0.4337854172906043 0.32944243048524363 1.537731610543938 -0.7581321413342995 0.0938950909846436 -0.17461845428456946
-0.19854529144516866 0.324125969189358 -2.0349640762785666 0.4619362457459354 0.42510309531532375 0.5369307454179296
0.42400264655088155 -0.2869797402685493 -0.11815925533524446 -1.0510141839193368 0.3869029000611365 -0.41510560810754743
0.47075539137997435 0.35860112395961924 0.31110156576321485 -0.8272340501447117 0.1781216540394085 0.20804351456482045
-0.034979148655603816 1.0835037793327162 -0.651201457844631 0.5802881626188781 -0.2151340211060832 0.7525994026460138
-0.055630676696613944 1.4957404852791765 1.735945706617269 0.3993979351273912 0.5346253831379191 0.5692211372199072
-0.5144209103700665 1.3572716804566416 -2.2038938180613785 1.2931153241172988 0.5658095754879574 -0.009089955571184116
-0.037536324480277994 1.908110393844877 -0.14776933309210036 0.026917180481395128 -0.17753883088012018 0.07959265750107314
-0.0525442094382287 1.3691621961292313 0.214652794780352 0.29997307988295796 -0.18955017422082704 0.5127014759291421
0.38937582513977054 1.3510126170385586 1.3387221684127486 -0.9170360126374707 0.4490415334986478 -0.38940275288486603
-0.4718693884621041 2.63063332829889 -0.24408592708694848 1.0763534418522056 0.5604425518806755 0.02486271416320099
0.1839079848737505 1.8492222854663434 -1.5073276468778454 -0.686300629488476 0.6398029989763863 -0.7272170707728193
0.01582339839111773 1.2243600910505898 0.37361027676054215 -0.23294010154406317 0.5218258764695853 0.29770696845903893
-0.3666773241665345 -0.6396015784575487 -0.8387054967431893 0.8229865587171948 -0.018914498273198646 0.3218966429198433
0.11806686089624437 1.9573049587556106 0.31588737872111583 -0.45318368461916875 0.6581410493858405 -0.5610106522070076
0.3755672923877154 0.9398076982687823 1.5108917629303016 -0.8080621646361335 -0.4363842146201438 0.577294044555678
0.06308600310146435 1.2550679266325226 -0.039214029858917615 -0.3173659321269125 0.7789169260633232 0.8214504778230073
0.026345165354986447 2.0240755549738525 -0.1681897692271685 -0.08898614733516814 0.4592273897713614 0.40952545032798604
0.17728881110863612 2.032064218508656 0.5463782971212273 0.27984666152866783 0.2291718357078153 0.7079143840831832
-0.2790620996684594 0.893788641757674 -0.22959958245566836 0.1883312852269194 0.7229393401692027 0.5014665460002178
-0.005623011276610193 1.8683872602055276 -1.5416357705661585 -0.15278017843579106 0.4847504815021807 0.14991225327037977
-0.21067091022542023 -0.34576379257185125 -0.49481978198889226 0.9043819985026171 -0.7956012621775133 0.4810553431933235
-0.07844703638260439 1.2189256858923594 -1.0616171439361517 0.17803357241369866 -0.38227931800341314 0.4821136115206285
0.14176692813787112 -0.294078108515982 2.8148051471576188 -0.8103928045890181 0.681077708922966 0.5440167131729162
-0.037775062682070135 2.572213076373987 0.04602771925495222 0.11286247925448746 0.3055335627964688 0.3303382869335978
0.10060850159237703 0.8654778985782081 1.8652897452513186 -0.3875040880828461 0.4805539213174807 0.27565382121143234
0.05375041066108329 1.7736981610104303 2.3581867797514833 -0.3719159139613999 0.25425099199581913 -0.0998405750488958
0.33665080506834133 0.8485529706065484 2.8528207614501984 -0.2911125012430379 0.5426105873819133 0.738470838746073
