# Tue Sep 16 21:22:20 2025

# input dimensionality
5

# covariance function
CovSum(CovSEard, CovNoise)

# log-hyperparameter
0.6106545244322087 1.0407181742045668 -0.030995468030662048 0.9161946204472566 0.9504919376618891 -1.8921396425741646 -5.814915598400347

# data (target value in first column) u v r tl tr
-0.5062128660916914 1.3893125094606136 -2.6890992694157627 1.1196002403057639 0.7561622763193692 0.15138127888017744
0.19621098568970322 1.3984108690854644 1.924031506958322 -0.3247897476662523 0.6691505680622879 0.31829803248766475
0.00011234627303350437 -0.6642580673788068 0.02814499940350342 -0.02747801096097282 -0.5291468903814228 -0.35995175477659874
-0.8645677096854665 2.4906488015979433 -0.014487266548849395 0.5895809131772364 1.2306533106251287 0.06957766196997407
0.04637126342182185 0.9411806863396482 2.5245723201346584 -0.4241602740699094 0.5794009961542516 0.3218309288963162
-0.17233915604826056 -0.2199005529786128 0.7067613614125311 -0.8836860203094652 0.6247370866559152 -0.8058388583252728
0.31750827767297457 -0.41100558046326646 -1.0021800950206294 0.5049060583456495 -0.39000385016787403 0.24485723861363268
-0.653628014850967 1.62263075483431 -0.40812836113596723 0.4291891543009764 0.05132674196291228 0.5833457252289609
0.5308413907099024 1.3703857282585041 -0.9416262879192722 -0.28715506007310615 0.5249661044589328 -0.4001387879522834
0.10842726644019104 0.3480975859950234 1.1522551934286442 -0.6006494577178854 0.43318719082454066 -0.048324838145811295
0.30643271374612635 -1.241570570964066 0.660544211589124 0.5996681158899578 -0.7576898927492609 -0.1723047564442544
-0.4487099272947872 0.9181819380402688 1.4814045310666477 0.2886527104035974 -0.43918058591758813 0.8920418290362014
0.02910412992886966 1.4001307239520355 2.3394275948223773 -0.23356768422108296 0.6531587651587688 0.3374571056351722
-0.13916081881402628 0.4608713529735555 -1.3262302632305314 0.5420862435751627 0.18797071454203224 0.2140733768763821
0.5094700554137434 1.2537939745387403 0.3397197933087892 -0.4222541922830254 0.8299674450124696 -0.784835341855614
-0.32659700463218655 0.9893781924541935 -1.5546807250855559 0.5094672956743176 0.18280353333609073 0.61371105022989
-0.25240320268952415 0.05741122840345397 2.151953340815019 -0.5047618603353083 0.6178303169003074 0.05763685466915602
0.15645263751770513 0.9188991507963604 0.008877622010980598 -0.13018408483664634 0.49484163890635285 0.5392201763364753
0.12463405124016444 1.8303723107564223 0.7489506366594487 -0.11501338413099327 0.3279722673212339 0.4163123685904451
0.15890614840080142 1.0261402826505273 -2.435820818616351 0.14016087496986235 0.3445077602746082 0.47556103997297333
-0.14262184675934897 0.5932969419476904 1.420526222499815 -0.03266481215120415 -0.07480465966687269 0.42112583382251545
0.5896700882717544 1.2362895114268004 0.8194566535517988 -0.49824302274285887 0.39827844807554746 -0.15728605640451737
0.22356971145158058 2.2181753038566816 0.23510926565135468 -0.13476807358221127 0.5778552395287215 0.4556587305466118
-0.3699493078549607 2.057947387624874 0.11717198757813306 0.18592826927672565 0.43872007206627545 0.5801878399882658
0.05395237019590867 -0.013766688982415795 -0.7459151785871037 0.6902617208552088 -0.41230315683228674 0.5990176566701602
0.2712786431213119 2.3411273983334753 -0.22296704712340695 -0.11904067435004974 0.5350966991598525 0.43377506714135455
0.0008920403608178237 -0.5870220111933894 0.05867329895792585 -0.02535329664429768 -0.0403738596446949 0.21383291930987933
-0.4301844387022794 0.7729973967679529 -0.9465885113384708 0.6236080387963078 -0.2622457930088625 0.4954038159403937
-0.020955392499758186 0.07216273952713902 0.8721379891246552 -0.6471132212489121 0.48205435499356347 -0.19759579746922595
-0.009012045132207857 0.7511237021132898 -1.3222099414963342 0.18798818880374932 0.41268786700244225 0.17851197154180523
0.07785993356348993 0.7591485032002292 -2.5781384349914034 0.3288526958895438 0.20777307799513223 0.5932387978295355
0.018662543148082925 0.9669030502773731 2.326280818281741 -0.31515582163599404 0.5421933801838179 0.26435090313236564
0.0593164887811391 0.9988090659571071 0.16381000668487886 -0.06532694929225788 -0.44494745041298756 -0.5761680175100883
-0.9169755449368281 2.2216870428793625 -0.11220339977377379 0.6161824277711467 1.0003297519149552 0.14543527940472545
-0.8330498589613888 1.517815561792745 0.33986213793615 0.5103964823283617 -0.11493898136723633 0.49663732633867813
-0.014622761514823194 -0.8130835619761551 0.0973337530591544 -0.0048832488092513966 -0.48021644984201933 -0.44405752011337746
0.12115765834614328 0.11810345426131806 -1.7769850464234305 0.6894514562112276 -0.29970734421058554 0.5510039174124043
0.8158273507035215 1.5169408371624067 -0.6394132392864598 -0.4511662130919023 0.35138723359703383 -0.1573623708585082
0.1923022202743916 0.24553147996638464 0.37877784658692515 -0.6563410728907303 0.323618823040212 -0.20114613254887026
0.5031902925739973 0.9928150174601003 1.0451597806282409 -0.55602513598362 0.28863405671299647 -0.09185678352369403
-0.7907953590883465 1.4458510871815093 -0.3434754469844772 0.5512636381905952 -0.26980242681014205 0.44337050497556
-0.06824158510855377 0.6259365227408692 2.399508478606981 -0.37276675171361884 0.5207390894949503 0.18635066639473935
0.08319648491407354 1.2234715668128888 2.775258615684068 -0.4116900982683727 0.33580863452228976 0.4591366166404768
-0.08822260136622449 -0.13023996795963586 0.7178098329752228 -0.7212477241081015 0.2208417318028155 -0.43182802770866996
-0.35535734069049235 0.8590461611599213 1.1364107515466697 0.2098327973246109 -0.22703069234850234 0.30429358114417127
-0.4030324704061175 -0.3626092907909904 1.5226268086421668 -0.6037081160952686 0.6463527787240203 0.237767210719951
0.4024282923480588 2.1991010776181974 -0.11932566820340643 -0.19004874136559427 0.46468504585827564 0.306963793676099
-0.0081908884904726 -0.21577057316974133 0.05910568104089379 -0.004032028863965081 -0.034504950503256554 -0.18353175005141664
0.030121700538204402 0.0481681000542869 -0.813187277972118 0.6235796759674714 -0.12349664224779537 0.5734460962100631
0.5267011370636381 0.8071689261757431 0.4321352160618233 -0.5772334206298922 0.13824390448253815 0.5024786028904609
-0.04822580244459448 1.0112080061476347 -2.3671488265197187 0.3434380886111881 0.4606191524301155 0.519516218120721
-0.03787612858804767 0.9444813227278201 -2.3963302536898303 0.3704973403362015 0.2746072890037037 0.5639882856146391
-0.915520287447843 1.4283310860701879 0.9058604333075535 0.5667465553354254 -0.7202744631178533 0.37060881688432296
0.39718479667441153 1.8733378706086141 -1.2979947650602348 -0.10373266128540393 0.3642148398190511 0.2905695335439462
-0.5268463901683702 1.404774523194572 0.6378964044689118 0.2905814189912016 -0.015918609950018137 0.3941463385691351
0.062151071952336906 -0.18011601662300725 -0.10299640414496689 0.79904538860684 -0.44782292369081533 0.667438825208151
0.9152435677441824 2.201232870442748 -1.7527033346737069 -0.3700325889827118 0.4079461463263147 0.4421627435173921
-0.12073976780216794 0.9458417966629469 -2.061094465699339 0.3991506150403688 0.3159493397534078 0.5754916745703441
-1.1904702471001585 2.3860855023391476 0.052616388459728956 1.017391858884756 0.31128880190592095 0.7280375190109759
0.0014352583523089056 1.077182134320541 2.543171520401726 -0.28842269917445945 0.48174494387455585 0.14318137029427502
0.00673438880880379 0.22819156692887066 0.07006477400340828 -0.0031875586727986953 0.26554127786748566 0.4775763360271954
-0.1602502072482281 -0.11547464815841073 0.9725531080775606 -0.7142509525070182 0.5726335026693499 -0.28190296254369457
-0.05426894777991923 0.23944970712234132 1.4085766507360624 -0.2945926226766517 -0.3826782643009116 0.6577905508352556
0.4614608963296011 1.5330205803065515 1.860220259517163 -0.5130618615837224 0.2514345511233699 0.6428132428486624
-0.04775204273634444 0.21789273347062654 0.16038231492014046 0.021866627082809318 -0.8667682976353005 -0.619708386233449
-0.16979183160603273 0.9058261000156359 -1.9202659055286186 0.4397188948411813 0.3195320740138653 0.5116277723998959
-0.0022128353275566084 0.815477881184118 -2.434791874418616 0.38499599834579257 0.18860390806407465 0.5314357928856599
-0.34845086601250896 -0.717841531456733 -0.23344399370779173 -0.8070687413049139 0.6019571694996205 -0.7020493901629871
0.784205709850085 1.984832156161157 1.0737645306475316 -0.5395943245266557 0.34950081852830817 0.3258186786217069
-0.1375556388739618 1.8999445119090574 0.12413847266100532 0.06382174470857373 0.5014439017240168 0.6187143847830061
0.17341897562480746 1.167440844428023 -1.3380598785974311 -0.017675254890410455 0.41386498125511484 -0.3503919050377922
0.10773294157013677 0.4212642919579531 -1.618241868622591 0.07102072352586429 0.7038290804656786 -0.43907584910635117
0.8454811407032305 1.4319543368145466 0.10192922177468826 -0.5576790776970431 0.41383862811862876 -0.13268460905621787
-0.04415347181865633 0.7599914477475719 2.4826915835245775 -0.344099261087021 0.44672765469609765 0.19559055990859517
-0.020900588355584192 -1.1323448977056103 0.042491235442556397 -0.01837743182971961 -0.3938465529513747 -0.41960655997351665
-0.6896366097930599 1.2282354261590436 -1.270999590010632 0.7203506211844529 -0.3850982187119144 0.26178510209893613
-0.46117909787372086 1.1434902754512113 0.1578420131065947 0.3159774273280101 -0.4882649583864787 0.5537299202113698
0.0010672713312304652 0.3025496727730796 1.5160147044688663 -0.48828881278789243 0.13797159954793767 0.19860266408245644
0.8990130322693375 1.837784033306351 -0.24530362826797636 -0.5172355929847391 0.7570749315764138 -0.28002384045045
0.015647395636662197 0.884418139687121 -0.796958168380942 0.0761216369212803 -0.005556974112232613 -0.2590513367597069
-0.7151594161532687 1.7290231347872833 -0.7426064936389299 0.5925371529193478 -1.1731577888445646 1.4610018094661605
-0.019782661427654412 1.5850557727635282 0.08593865880926838 0.011582536453653527 0.2173579728754196 0.14931776790274678
-0.009191306227949479 -1.2555534103128574 -0.07602469205140802 -0.027673049569787795 -0.5816330021197514 -0.6393753991467256
-0.11282842189919709 1.7930243277861315 -0.3906924325401334 0.10739816155014074 -0.30306409896736136 0.9534463105726178
-0.40771044369537884 -0.7497808550539791 1.8189878983319205 -0.2205787498561208 0.21821258647699657 -0.5672954685905545
-0.15357578581243422 0.15697185957885756 -0.5148975836230782 0.8109666416585203 -0.5378767124715909 0.23111492866191838
-0.22522647919624347 0.7993488096652762 -1.594777310420692 0.4864925436720498 0.04409972790006466 0.32768583825896286
0.284431168658762 -0.27162189110306983 -1.1417270247553497 0.7668563492292142 -0.13160486212686454 0.6899875808243777
0.16166035179381327 0.850072686175063 2.575041153309671 -0.7190722071870741 0.17573126892733784 0.6177623055230342
-0.00018728881496771904 -0.684468453793838 -0.06419628332432809 0.07267254191255054 0.868649512242832 0.6676974614797626
-0.13087045407479955 2.0531129913553396 2.824661432352416 -0.11088101001992332 0.6369334621170631 0.5148288441429151
-0.32907757889498823 2.2164743107069604 -0.03242575461108304 0.16951164892914594 0.674053938756288 0.4624818790777228
-0.05447003570947891 2.568886136208586 -0.012806621329746914 0.02012491515271286 0.6454375810552149 0.710658189188297
-0.2738640759821015 -0.37921314992876215 0.547754147684431 -0.5943684739623621 0.6697001306020604 -0.08900521417563413
0.10795253512743164 0.3175312130250925 1.0965195132884156 -0.6703206882123556 0.5850162239472771 -0.26389628383451436
0.03395157258333029 -1.19201643906283 -0.14418822517071755 0.029677010256429246 -0.035096067989629054 -0.18620908497596925
-0.07104616332462767 1.3322882000758263 1.6275308936413082 -0.07420338728824766 0.33155438127246145 0.6816300422133192
-0.46672806874445266 -0.6476352838061952 1.137246339886498 -0.7017120914157984 0.33870362624455685 0.18753995351065428
0.5239085068424787 0.874329813001153 -1.6509538906261125 -0.3741114805830699 0.4852762674655521 -0.2756554826030458
-0.26437033456538156 1.1420039209735326 -2.7881852780502814 0.6707905161849951 0.46482825267231564 0.32462116306125705
-0.7511227030928289 1.7191666147571734 -0.9118103188598924 0.6831010950770906 0.6966797785330632 1.585606475423168
0.19953654989541947 0.21510631382328257 0.03609822212916572 -0.763433052168885 0.607142693693498 -0.4314812730079854
0.007678292020223479 -0.21328911175039128 -0.250402717533361 0.03706185090317876 -0.22914175908450504 -0.8431903009730106
-0.3854436068669514 -0.23060733959160654 2.5276431239707855 -0.32671249190655466 0.10414895074999794 0.5117935516043499
0.13545484894715495 1.507775368522536 -0.7975368102698353 -0.09144729258218075 1.3147009762609962 -1.4211997140847101
-0.16781181986948487 0.9678043229692651 -2.6661076833555315 0.5365980528896221 0.7431706599145538 -0.04185421836314764
0.13451360545255706 0.8031887228218991 3.1245781259678074 -1.1175269491973674 0.37153682469952637 0.3818627974111581
0.48004735444823504 1.271626064687148 2.48586389270404 -1.0073648041835772 0.5890243270822377 0.3710363767423028
-0.415868217491329 1.9175241560734662 0.7059472042695585 0.18695900580770952 -0.4088119340103399 0.9566398545673499
0.09928903335703199 0.22067834868503977 -1.8099636806355914 0.3844802790215654 0.29496055484242567 -0.04409454596904574
-0.7556524023028595 1.4052924585278106 -0.6867863591273161 0.5919485287110897 0.08841404150492574 0.15142947906410958
-0.2908724608767304 2.427365034021663 0.41515318620614494 0.11856979151245449 -0.27844608809306254 -0.6392173166788403
0.355485045271456 1.6557629528955249 -2.9799014878927457 -0.04481808719766688 0.801635438826513 0.05749137852722424
-0.6266662124892236 1.3650996325256215 1.480202790475737 0.3531518121520344 -0.1153506040153357 0.5008083602955059
0.7823682733528161 1.7823029156398107 -0.08501117892762179 -0.4616985819621665 0.8148957813684422 0.4809218504649456
0.1569611033737701 0.26848737206294876 0.8560005035678355 -0.9934576439291053 0.6316904774519575 0.15835678869787298
-0.08486375763271684 1.6533864291550375 2.5475014340577182 -0.12910193544555915 0.2750575404248247 0.5233127272095975
0.3195002608966486 2.3131777362945245 1.2192981681329078 -0.3275254861892264 1.383216576015498 0.25073503066673275
-0.16582208699025816 0.3726190012493314 -1.4032807872496962 0.8860368119557611 0.4859825466254512 0.7550544122869574
-0.21639658618559257 0.3370978188457732 -0.8254475294142801 0.7734068078572881 -0.27672828511925013 0.5426741639627379
-0.9939116533785459 1.4705856099345354 0.07506873221312094 1.2723591189943146 0.35720025911091574 1.0654756101328404
0.2799582658194481 2.416192673016854 -1.8839092288284227 0.03094151099921233 0.5017726807291133 0.2517722523152901
0.2840235207664966 0.6271817867330785 1.8770836835165454 -0.7712784245723365 0.026299234318160808 -0.5691408673764894
0.1436486604052791 0.188618902624222 -2.075904499608126 0.49802199632509137 0.40504444033337855 0.6737967750083709
0.018359214956716885 -0.16613036792017188 -0.18059341920903108 -1.0124327489730323 0.2468650432374034 -0.32307910541735624
0.14172688037270456 0.13129232725197248 -0.011184964171029918 -0.6506798327396971 0.5516342976345177 0.6834261202314909
-0.6149529500287634 0.9591535725648564 -0.5964552995673316 0.6852970253717847 -0.16430816372289472 0.9726451541575313
-0.028298807273462415 1.925214616558174 1.5742591722300057 -0.08377122965883768 0.6113242953070073 -0.2036301067235896
-0.622161276515107 1.3710959573856163 -2.14604959829459 1.0742849402674477 0.7736644635634178 0.2379004752473599
-0.4733419473995462 1.9362147315040699 -0.3735261988211083 0.2835359361592638 -0.27631587476006086 0.3657113043136359
-1.1211010611046992 1.5280108728657524 -0.005041339645394313 1.240022952810885 -0.293359364968231 0.6320467377237252
0.7286198350022376 1.1932254443567472 1.115007251207301 -0.8153323051424957 0.7790807910414178 -0.4670089218682813
-0.7535262892848452 2.453836916633597 -0.4452186161416295 0.48215227787477893 0.6342817164441287 0.023953629821182945
0.38237623586470854 1.4248264127043213 -1.2348382475116146 -0.17872790493711074 0.8811440309081128 -0.10661226100194265
0.24913073804141342 0.7138539340917812 0.9059056220069576 -0.46434970771865713 0.67622198108757 0.38083493566009385
0.32780573582896033 -0.46465470402270204 -0.8240457510618648 0.7863962372585253 -0.05579765138714931 0.17087443417143597
0.9016738796068052 1.4126495866076754 -0.05803238944017515 -0.7023705019574771 0.1830735323472388 -1.1577014270936832
-0.06324537260585872 0.80448978026176 1.6395789841981763 -0.12679870181686687 -0.4981665298957795 0.3710048867858696
-0.2382432551908519 0.853625493519665 0.117397110939626 0.2047287849223087 0.671130555025492 0.10432172137851746
0.203002765278197 1.9159806637035015 -0.24802797972332535 -0.08223504487243105 0.4367666804600057 0.4249718735110658
-1.0911888898506503 1.96035973483087 1.0839534561922728 0.914342549174699 0.652093034072776 0.7992994180676345
-0.155991275600913 0.6138642103541886 -0.21180882437303575 0.219679372195525 0.8554674429063621 0.8315015404871272
0.17833322143841643 1.988895286067336 -1.3016219309035488 -0.0245509658041789 1.1217874635134075 0.9597963815988355
0.32574107984124645 -0.4989501837063713 -0.4317185104468352 1.070009313187146 -1.0022562074154404 0.5167082838040604
-0.07324752781045911 1.2021975001187812 -1.101814516924692 0.17777768092964258 -0.9075121625603534 0.5803831423448143
-0.46492841315516165 -0.2831364396825469 2.7346992150703042 -0.7155975349472228 0.7043553039690523 0.2842065780339199
-0.39489507535763585 2.6027883353060224 0.2615453144002373 0.1843106039828162 0.05819342212781825 0.5321086281344417
0.21716198523237384 1.0391986232536965 1.8039218549909388 -0.40690856667900444 0.4896298985978512 0.20666703034356732
0.23480347500327273 1.7232424503261536 2.326870824970169 -0.34507926851511994 0.14979626483709113 -0.060187729027124603
-0.07271617622496264 0.7651035582134611 2.6030806670595226 -0.39108861295318653 0.6546169937815114 0.6634995928809249
