# Tue Sep 16 21:21:11 2025

# input dimensionality
5

# covariance function
CovSum(CovSEard, CovNoise)

# log-hyperparameter
0.5125073155886788 0.7792068706792963 -0.13379867503397516 0.6117772647768046 0.6404960914114315 -2.1301026805491823 -5.833036013106241

# data (target value in first column) u v r tl tr
-0.37669814639303306 1.1912913675739012 -2.465604111863891 1.2429714952797264 0.8469051146296697 0.7803097317731904
0.22151232575685856 1.3538370143755218 1.86110511769616 -0.3427077713291701 0.510511863889874 0.3944483002763533
0.009245181690259827 0.01965350632133015 0.03343400153261702 -0.04640271900174808 -0.3484870962397276 -0.4148938550729385
-0.8573579308149442 2.721735909724549 0.035652584197157305 0.8934603288907286 0.6874563955538284 -0.15596677928626848
-0.0017527186755147178 0.8569125239630406 2.441946614513812 -0.3650490780616316 0.48777267143095454 0.3217449452359108
-0.18178623265079905 -0.229784336491509 0.7216326522200095 -0.751213269372562 0.4935958110073701 -0.33589171379677474
0.1263854334855378 -0.2205543255583057 -0.6674160391671443 0.9765182601760737 0.7880432520851782 0.8809628480152644
-0.7470517547473253 1.506003294579599 -0.4151706434828171 0.5269559079613477 -0.00924059833948393 0.46066068127129
0.6090989256976769 1.448615052963963 -0.8596237648689642 -0.31318636546137885 0.5187928129156141 -0.17727992857133637
0.1499641729441324 0.35885841915584227 0.9726206484315322 -0.6968050252309477 0.627346807332049 -0.13989640591537103
-0.19413846567507764 -1.005063795900738 0.28506203897037774 -0.10949490342434766 0.12141437211841878 -0.8177660923005405
-0.3229124264041489 0.857160544153385 0.9171760834943403 0.17671429877103306 -0.6633506908733408 0.35987770133858776
-0.09374970766027368 1.9396302113874782 2.480830144352816 -0.11506164299287652 0.5445701599367044 0.4620706141457734
-0.10440676006525752 0.7154504471680239 -1.9400137229527818 0.4685311685452532 0.24334970403055048 0.4734077154144425
0.7850345170935925 1.4658767883306822 0.2250034904890699 -0.5187005895220148 0.4919170958313871 -0.26213138223343413
-0.3614250045105141 1.0582982461802681 -1.5452683721595288 0.5174316402644632 0.13564176126255573 0.4965374247852742
-0.27776975694493283 -0.10094069525778113 1.9064316376267945 -0.5564523594558295 0.47359040983036754 0.023884837306314095
0.026793302914772162 1.4088605167509405 -0.02008630144836308 -0.00856001425737397 0.4617929854020441 0.5758012817710546
0.37072316558240737 1.232024727002179 0.8489612333848375 -0.3180673757075911 0.2975661034023071 0.3692935312665163
0.20416606680292104 1.1892159520710626 -2.154132131353663 0.06419287538831889 0.3587308655189147 0.3810630268695437
0.035501737184900614 0.4276475544737933 1.387078027645834 -0.36710993069828873 0.08228745793109718 0.3065881179695492
0.7054027831555553 1.263321116907203 0.6383311885651975 -0.582084507232117 0.5344109069573332 -0.37602272195547537
0.3940650052852925 1.9513690191499202 0.337834358927299 -0.22684296286282843 0.4623332055669014 0.4118269740738461
-0.4164637577224806 1.9293138242920076 0.06378217541328261 0.22722678797550694 0.31911223015474555 0.4882986808508451
0.02836640868648571 -0.011614717258124456 -0.6475149667475976 0.7298858906113354 -0.30855480309115463 0.5637407326177805
0.512555648233384 2.1026699608433006 -0.38649446051488767 -0.22134775750625832 0.4217619744480082 0.4457779686499663
0.004873518965570264 -0.955801190144763 0.05086540428010245 -0.012129813228508904 -0.2170569809549575 -0.0009764132292948264
-0.6983257701928757 1.2345596531844374 -0.5276064008150538 0.565442390547361 -0.26584128959664066 0.41744930161865984
0.02059882311805031 0.1263401219259218 0.8492630724500597 -0.6913361597223875 0.5151960806896018 -0.10872739032786974
-0.08062008231288867 0.7107389235662324 -1.1217654565973092 0.2424649114180889 0.4095513847763379 -0.07274504647928387
0.0026824671152064685 0.9186349495035284 -2.4340788608863617 0.34347277965837547 0.23641636979826494 0.5243541566165667
0.03568254718556277 0.8792362837707558 2.3616567118563854 -0.40081544549299325 0.5628128239744213 0.3084547591990378
0.115638895780806 1.2967328114483336 0.031040066671015137 -0.05966409298669168 -0.06285052691995684 -0.018026982371698155
-0.1499991169914871 2.256833816759826 -0.07838717397809017 0.085156073109592 0.645562036452711 0.5504014681489128
-0.8770481606183671 1.5416184596145146 0.19551561752736865 0.551853620760982 -0.3226853315892505 0.4806783331208192
-0.006361244053139284 -0.8503955784967875 0.063595040441143 -0.013073366533166021 -0.4025402651056912 -0.31688776058954754
0.014498625806549403 0.19597181702168043 -1.3650151577343792 0.6149462408746327 0.03428269469905552 0.37793564889316833
0.48054874747846243 1.6632972390338783 -0.6627873269769532 -0.2174336453165806 0.5045926969422567 -0.28496296087861295
0.1804835974912016 0.2550733395048383 0.35596563151183663 -0.7194006381677331 0.5885389143438264 -0.015068233709972912
0.5945866569837184 1.0502329666457386 0.9602508673008646 -0.6126046341016649 0.3086256446382974 -0.13595926229740304
-0.9315144184775161 1.922645868455117 -0.50689719952315 1.3627724771407526 -0.08537997915858123 0.5002326559687974
-0.032749790485271546 0.6656145846573019 2.3826166076649633 -0.4400339257230449 0.5762758898494488 0.3124783894042796
-0.057673612984879635 0.9208340083143373 3.0366179948867655 -0.4136544288679366 0.33111133745074484 0.3119994757321236
-0.130162867425105 -0.17075687071386733 0.6801903986113872 -0.7941222031104553 0.4771183432702867 -0.5529825952878256
-0.24835097163573056 0.861069363653504 1.3967665284897892 0.09053093377167933 -0.26985788061371674 0.43067845620271206
-0.2979655080904981 -0.2727924142788534 1.2707157654381023 -0.572871175048263 0.4793252336337519 0.08523897235962542
0.09428185963059844 2.2120831609834966 -0.0756773155563346 -0.0390581454572463 0.5043997355062962 0.5196165820292677
0.0018820581688810474 -0.12095759386745679 -0.01020743918153046 0.08137311783227051 0.15405098243804782 0.07507331819221735
0.0017156035787739944 0.06351367403986352 -0.8256794984700615 0.6821582669791308 -0.21596313644430584 0.37946481992956616
0.3275882871464593 0.6262113809563962 0.44064084664193126 -0.5638987087397844 0.6099890296021467 0.611637543582219
0.05988689557076977 0.8388956275933128 -2.5914957992569256 0.3154919278009545 0.27748970272531587 0.46219582295113787
-0.09869580003897922 0.9985542807480046 -2.266773935034063 0.40348902167849665 0.2354892233559067 0.4744757337228702
-0.7649214819958987 1.5187475223398414 0.5206007287875764 0.4409071891616414 -0.3312920189591265 0.4659377141273416
0.6923681970425172 1.9833807717815806 -1.414301609613714 -0.2635700801910956 0.5307602716973518 0.44564201826721056
-0.5629069732774155 1.6614928391868786 0.617168383992736 0.29160158733494235 0.009255388334196013 0.38918790825527777
0.1573416552939289 -0.2592972975553017 -0.40754325527916047 0.7455170544532629 -0.5497067775102938 0.4724797519752285
0.6508591173572399 2.0763261693533877 -1.5227221434175733 -0.21296055198745587 0.38751413442794735 0.28270703007548137
-0.8800444894018139 1.7322564979245882 -1.1533690108182364 0.9514334330792225 0.23172738198102547 0.08380650988080167
-1.0129816637182503 2.403099641127696 -0.185229823326839 0.9637164043817127 0.2469567642054858 0.5654422444805987
0.04993252453136877 1.4708423595626607 2.527923927573651 -0.26637705391133604 0.5145653599962361 0.24649376303145407
-0.017297647793486498 0.26159368903426283 0.10103857110731455 0.00910773186292541 0.4326269032082105 0.3285090792934831
-0.15075228110527109 -0.09788303360663037 1.0874826087578975 -0.6713307300061286 0.47922789948320565 -0.2780889030254847
-0.10058507612962132 0.24189595049297138 1.1756707400258544 -0.10443524537068687 -0.2853349738787161 0.41762961557688777
0.2614409755086555 1.2476333210188737 2.0212322519226618 -0.41591720474353505 0.40552602025650264 0.07550159158700467
-0.10183585982584199 0.6193560358864073 0.10137255329866449 0.08375703787924103 -0.35812863489730823 -0.5922501253044313
-0.08886267847007959 0.93311434846179 -2.182651786778206 0.39842651375923643 0.2324558338952019 0.48210507327645197
-0.017934430689369774 0.3421755115500063 -1.5773917148610415 0.5730429326145178 -0.018117483733159946 0.5223043384385193
-0.01576706239939904 -0.07395942314897391 0.17718309826100803 -0.8400219582421973 0.5303645377057072 -0.7307562909811829
0.41503712153643174 1.8817951438986456 1.2666593891708502 -0.33317371514541727 0.43503244869113766 0.21571986536391843
0.08129076549726034 1.9757314191264885 -0.09631188127825002 -0.033307821924414574 0.5758209612692335 0.49784155658116497
0.0746046173363686 1.0758815862356568 -0.9115185674160053 0.010334223928764194 0.7901496771127392 -0.24124387910213693
0.12716749088843424 0.2679699260204446 -1.4305574412883073 -0.0017613755289660592 0.7096236309355335 -0.32167116921573174
0.8804827555602177 1.2420076823368633 0.31879064858019196 -1.2024669527138026 0.5862305857482376 -0.04888080353760255
-0.029470276915548627 0.6606738192788069 2.404764917739884 -0.437755064716469 0.5360653507346881 0.238844114327897
0.023329602372190283 -0.9816507461834829 -0.0883317749659965 -0.020771562498759166 -0.4747509631259693 -0.34072026612327094
-0.5854687913238112 1.0523600673207796 -1.127358615106635 0.68652351813139 -0.3471098796848033 0.6068772025495218
-0.9490779000729447 1.7622272485614368 -0.16505465022750312 1.3379328349666875 -0.6081445559283679 1.0272251880878085
-0.06744242674031387 0.22033571304885707 1.5773717021065894 -0.5098495502724188 0.38349773240361146 0.13662340931862174
0.3660208927554204 1.8558047638335862 0.10355213232019979 -0.2725866152485874 0.8054656395174614 -1.4342486277085273
-0.4649042889440459 0.9319326356937359 -1.222142490898172 0.7114348683865239 0.6598522295719608 -0.21375081587471
-0.831325080356981 1.79637337519634 -0.6110483127055865 0.6042706838043146 -0.5519287008063759 0.7277082478526579
0.2308601249252429 2.0012395180793883 -0.026081502831899982 -0.11164550622464771 -0.295631735376837 -0.19281668024835708
0.00149094506352757 -1.096721141674871 -0.0540648797039362 -0.054494467841955704 -0.5855920987078006 -0.4219806367052544
-0.3573216348653577 1.7012316856592449 -0.17409606892389567 0.21750636797991985 -0.1745524357696744 0.545951008784664
-0.5667888045631028 -1.1172282747917417 1.6239853556453294 -0.45554975868834624 0.3497418193483059 -0.011551414462461867
-0.17360902083531368 0.26251273609561226 -0.6896912875932384 0.7197552597039272 -0.31615202125646946 0.42127764688760694
-0.3008123735320967 0.66681830948273 -1.227341121735445 0.6020829142871692 -0.03915373483206177 0.3536945608141545
0.28186359439583863 -0.23678985542945827 -1.2507424492124657 0.6771735727504293 -0.16713417227325947 0.6859251702362067
0.0744606691824154 1.0704181181928791 2.6608433259858972 -0.45680907915331975 -0.1394688999065296 0.3789625814338825
-0.03985854129004625 -0.4322400691646566 0.016178286934037327 -0.07519276964201163 0.5667516360781912 0.5849957611489817
0.05966595618389358 1.3689792977082804 2.3198588978118844 -0.25822080492801824 0.5723657351007947 0.3478407298705675
-0.023583105826882767 2.421716887024644 0.01895615262741955 0.009141394763633709 0.5830586312299476 0.6080661843611816
0.9776372303993369 2.141553571974006 0.019507623406681034 -0.5426123462878638 0.47827010516118934 0.20942980652206986
-0.39837359469484546 -0.5846262675673958 0.5214905187521297 -0.6682680412138924 1.0474418150603908 -0.5475042642866299
0.21677731432347092 0.34418242315075104 1.2367293701769293 -1.0055576370234742 0.17051800023727276 -0.6505182942069444
0.02167003099681574 -0.9289503843120331 -0.06502987332205215 0.09237148683244907 0.32724800053560765 0.04538345014120307
-0.11829065878864692 1.4855747107806816 0.8490569785454554 0.02311860168516669 0.3334774579745987 0.6364750052278941
-0.19067123246542306 -0.20622360005213386 0.7788452990738048 -0.6138414411593971 0.5171902516785172 0.03597052211537243
0.30810412521252967 0.9370198207115172 -1.5167875570061604 -0.1326265715886575 0.47698140288869123 -0.31768408727147995
-0.32404814171399143 1.2104673270430157 -2.4504662569312137 0.6868463666041243 0.6834192736043937 0.8228273415933638
-0.7888426386938441 1.202495941299687 -0.7481366206918603 0.9880860923494944 0.39865880929518815 0.5539531496097074
0.06155417176055346 -0.02707904628907815 0.13002427698644486 -0.6362974152978946 0.2950693183820114 -0.1767616632476335
-0.0006946651076248731 -0.06003881341477783 0.054577507802783164 0.004098692673280087 -0.5394883702837252 -0.35231928701100496
-0.3661773403432753 -0.21534512379625292 2.0215073269594535 -0.31568618893018224 0.691636794918575 0.2516962507057343
0.6711609312355531 1.3072471198000102 -0.548452879476019 -0.42471193059418627 0.5888640618699534 -0.31238677846225105
-0.20190378566426184 0.9516594842054855 -2.6063576491614517 0.6169968961715768 0.872748726613528 0.14186511103861105
-0.28472808002901373 0.43899571281063315 2.9978862134519577 0.013830083775982943 0.0109540657688706 0.33118507344203607
0.04652344312700842 0.8935111324557106 2.382049528868167 -0.4087632846542185 0.5500915527904847 0.2575150663049011
-1.1054595542082373 1.8662625026797104 0.8292649413971829 0.9377861082508929 -1.0732690432190448 0.25713731687602426
0.03910107070811236 0.19817900385223303 -1.4393706523807261 0.36747078796957744 0.2524667906622982 -0.41216181779674804
-0.4984989585196808 1.13941088614207 -0.8862948536190952 0.4819677683122503 -0.011251221629362288 0.19568230476787044
-0.8455879630234211 2.663062082963996 -0.005313374780641268 0.9980946534015153 0.5770389921600003 -0.3554654568879804
0.06108128189242932 1.4034649023349113 -2.501809392225117 0.16172680572478437 0.8666780567220143 0.1800936818278503
-0.6204891119183686 1.2418608040928605 1.1261569203454407 0.3670483357738543 -0.29263075758979956 0.35930577134082764
0.13169418245486875 2.4491728501320154 0.02409892271710911 -0.07071197609411461 0.5000520828437427 0.5869131883722958
0.09004401829572725 0.2579691432631731 0.9425037275754509 -1.235452805873736 0.7107929936122832 0.18221903780896448
-0.007062896332739627 1.2912201368893408 2.38881412695845 -0.2111780656933322 0.4883673107042698 0.4337123337958051
0.2510956331307655 1.7441031859421858 1.1016962575927656 -0.21832146582945716 0.7458648603621431 0.12453450781461689
-0.18968802950692787 0.5022252397334305 -1.3616119641140647 0.6651661968980986 0.6036247381819522 0.8062630876388053
-0.3636639763886149 0.9030328090402641 -1.0963984376688183 0.48979641206144353 -0.07789963860928133 0.5412656400350581
-0.9790007828231234 1.7012487878323248 -0.1595883352422257 0.9700272355513503 0.4194363975915015 0.9326486643916269
0.8022833268058648 1.4495267334624993 -2.1149660923833107 -0.5442767952138184 0.7128313825927834 0.037588293322694366
0.2422818028576162 0.5459118590570816 1.366482214469643 -0.6369365572749061 -0.017377974046596485 0.09803598853941761
0.026764867649947628 0.6057402057598806 -2.2978296682343053 0.41782827690100866 0.3420225860520638 0.5518576245000146
0.02770036735351731 -0.14458673183768334 -0.3205429489611678 -0.9940610180255688 0.4794721079036334 -0.36739669729802926
0.43782133397977074 0.4742564107834625 0.2843314268826466 -0.868748076555533 0.07932581131988932 0.4101737093402773
-0.7137725177882542 1.1892860898046922 -0.29504076890563985 0.5910311377990963 -0.2755968113242805 0.9101580025547736
0.1706425265896401 1.071515648064949 1.9763098338923624 -0.3977987287065009 0.46842473100433296 0.40492905324470213
0.02478492184097723 0.8305661477407801 -2.4841482203753236 0.35066629233814833 0.29814214840691383 0.5455222245132879
-0.6834612354271535 1.9898700118977803 -0.40727099857062427 0.43193865735727294 -0.2790398096619281 0.202802455987152
-0.8735243306187792 1.0241655309114166 0.07219722295914356 0.8893205659168042 -0.650811894306027 0.25445163489115613
0.5886631051252591 1.125164259736613 1.5276576260599752 -0.9375926619767184 0.7640303772436741 -0.25186337177311474
-0.434792651912948 2.5413288212311773 -0.22464812622445693 0.2837005205384249 0.44114847163069953 -0.016371883562366896
0.43255447758271154 1.3886989857973024 -1.2670842706937526 -0.35454779547928156 0.9073112952985288 -1.1640131965025882
0.3890491797782624 0.8265356823381941 0.566223888816123 -0.4426242100788362 0.5163687672704012 0.03683634795418172
0.1462243753778377 -0.17490886816251094 -0.7200251883518608 0.7434980844674596 -0.22063768816227375 0.4287033506490807
0.7633549502215725 1.8629454038091497 0.3435646103094593 -0.5328539170486141 1.155520189680593 -0.15769901409282563
-0.23110630590994147 0.4270583229624572 1.5080738736378492 0.08831394692503484 -0.0843881712189039 0.4252214334939154
-0.45624153571104814 1.0056865281018765 0.20302602264890543 0.37180572909779985 0.4691848115304689 0.421458767172643
-0.7982353317773991 1.7850150627769914 -0.06831029698348405 0.782859657696945 1.1782792981150219 0.0785969184537894
-0.3888992168164543 2.069780223806492 0.30841255907370185 0.1931113786789213 0.31277329113476227 0.6978867410323151
0.02315221502773128 0.7676807085891537 -0.15697112890103224 -0.03430171447755009 0.8057607810839522 0.6788941542686022
0.40905892384059783 2.386686102338474 -1.3313933890638172 -0.09028561707608192 0.6741360164199404 0.14957624809979161
0.18915172125393334 -0.22447221848113214 -0.7808278970564296 0.9543595061155198 -0.7299818157189832 0.3777676857848108
-0.17891935390328528 1.5593006593129766 -1.0489437256719487 0.21576873058580456 -0.49446993162913955 0.33429579262427295
-0.30049883277563016 -0.039852424330358995 2.8080331155647777 -0.5980452891928228 0.657144122851637 -0.1305162406045631
-0.3552638069852115 2.578289721215499 0.19427212981206138 0.18211535024176692 0.10526343269692727 0.4569792501686742
0.39431236585905727 0.8872640784776993 1.2323315073491679 -0.5233418484124862 0.3537506698070193 -0.20175492452437654
0.11811343845759568 1.7476663306259392 2.242542130408206 -0.26944767318319 0.35069148302647374 0.34509503982944156
-0.07536104586212834 0.8508694177877933 2.4501993545424248 -0.24997293065840318 0.5208185969108172 0.458704634131308
0.2686229372054379 0.37424903080169974 0.53962564761576 -0.71626195425773 0.38379519765746384 -0.34802427501702654
0.08175483196901774 0.6833921773686022 -1.0299482561519686 0.0834564968321419 0.09367403962214131 0.059311005712164945
-0.8243322809459548 1.9782394512699197 0.2875537172030765 0.6281260763245924 0.959528702847344 0.7328094327716835
0.07863995730488041 0.9887752795742302 -0.16461766353614188 -0.08984449067751393 -0.7981391615059306 -0.612646443892791
0.05540595607411116 -1.397124275022883 0.031080457106124334 0.13442869265302437 -0.3593316589027658 -0.5576616634684136
0.0969087517484685 1.7405627841448037 2.8123652387452576 -0.42672246504156663 0.8030873051899441 0.6785760390617164
-0.010290572683277113 0.13536620059316418 -0.9233697970635903 0.6673460986648793 -0.7569960755776284 0.6586461502086123
-0.2147696879269604 1.5583622470759666 0.25416122547743975 0.12373752153851113 0.17143994529873874 -0.35435572930785764
0.9366897403114612 1.4865115062849887 -0.5124601943999623 -0.5973243994220442 0.40927640365859885 -0.3093865541866863
-0.37671428584225386 0.7700802333314146 -1.8229145772425914 0.9530361901060763 -0.34809445902278935 0.3342060428379792
-0.17725293755750393 1.501667291501706 2.806336707576207 0.05846611760333713 0.6797777292581305 -0.5058074079837129
0.5350875862040089 0.9677453211114838 -1.1879750589039844 -0.3582985544259902 0.43142870938954125 -0.264814895236956
0.1758463720155958 -0.01623767535623919 -0.23768951108723435 -0.26353002886943294 -0.24796718651191985 0.7070892749813784
-0.389356790674638 0.7360479079128514 1.0410639858052688 0.299963699526777 -0.2264735877186609 0.8259952433692473
0.03118276449986938 1.0399423890167008 2.2059460194089286 -0.2529295737650147 0.6325640862144747 0.14913460605728462
-0.044281902939351324 0.8389024088580425 -1.9725114669980814 0.31719720545275387 0.521580716389927 0.46039661907287394
0.3002672330627605 -0.37692010077653143 -1.1331240748683888 0.45853837526007113 0.11805927327395237 0.4073849878357014
-0.7982932763689383 1.3951050163209346 -1.2491886721367058 0.8793127985638126 -0.5303879185325013 0.061028089567905015
-0.3475132641072672 1.1814562278344907 -2.7172944406239083 0.9293740985162067 0.618656573362073 0.6451831440272213
-1.0185944376989815 1.9336609670887062 0.3441676555433663 1.0339259783174164 0.46167080875026256 0.18427022222687156
-0.12781114134814966 0.125716388253778 1.7122252365951247 -0.3146440039655967 -0.4104674358312268 0.3408560089059902
-0.37572369995697213 -0.19516179281593285 2.3876037601524627 -0.6352622135000997 0.3457737903689504 0.39032852181196426
-0.23160675673818948 0.6905020759262276 2.976656627043027 0.02980141860492996 0.5104042693589909 -0.0215593317983619
-0.24357427787244418 1.2850684855540684 0.7488225031691353 0.11301987780742408 0.03622999475971835 0.5072042537311677
0.44745570246646593 1.8545832314345687 -2.453269590592097 -0.08128950725622652 0.4453542516720381 0.41933504186516657
-0.3766962526292518 -0.6037710088525962 0.9687734554038996 -0.9093713567741067 0.17474555908898626 0.328873164251212
-0.36611711103703687 1.373007324970607 1.27469508429784 0.14640476390144674 -0.5029549823983094 0.6893238948347019
-0.0867395058386799 0.23542246954179707 -1.4728375926617892 1.2944829258000916 -0.10660351448444617 -0.37504659898436793
0.018391012754665 -0.45127077946871874 -0.20009735792900474 -0.046600209854016195 -0.37736057155562985 -0.5220827579472405
0.6451392705624794 1.818568849682236 1.2413660996448714 -0.6075102169660668 0.8347527206117435 0.6877883707686309
0.5143131091919151 1.2187623258946316 0.411381735920846 -0.4058698041785027 -0.06321079109557506 0.9031417735448485
-0.3065404394320849 1.7630602342722286 -0.9992433531490543 0.29585923389478724 0.031830229774773004 1.0296674883579793
0.06795686827215401 0.6413338038344312 1.2501041113090845 -0.2735366791327107 -0.40646112084445263 0.8982681215966465
1.0632218423039346 1.6977045124856327 0.5768113158988328 -0.8810162007749668 0.24040286537920025 -0.4903082348666262
-0.21016762255826435 0.4376543438560723 -1.294346443048543 0.8321376698750232 0.05067450314771432 0.6978026088330567
-0.09215516478391853 0.22521078649166895 -0.5415599892932664 0.5233269153831728 0.041375891319365206 0.8881713826634013
-0.5312616268372692 -0.5142186907144509 1.788729512340642 -0.767328716808022 0.9268830689229727 0.40871206308794994
-0.852133212918455 1.4499869000629082 1.211542736252495 0.5618510462718332 -0.3004553874972689 0.653722736072589
0.07842869079616868 0.3584830533763269 1.2805063812058615 -0.5054418170533358 0.7194632935042925 -0.7630521757975238
-0.14232036631202746 1.1910648920067517 1.7154128458507458 -0.012068630634999194 0.13847205135346366 0.4484292931721653
-0.3470310966969796 1.3927348009612706 -1.3063529451742322 0.37237807988391525 0.4632561445704809 0.5345091370882492
0.25704629961439945 -0.5176107664835135 0.09025293923106699 1.0314206200374398 -0.5579008384301465 0.7044698663130143
0.009335218513604597 -0.6484013988392571 0.13001507596773085 0.12400795030065438 -0.5680708307472513 -0.5887046908007382
0.39330173460625406 -0.39683098531017785 -1.6934464710835544 0.7406139594031029 -0.18453928215499552 0.33693261094735927
-0.5143129570391859 1.5341522358068125 -2.2957977543866726 1.128555513830319 0.726719404539973 1.0258865180369345
0.9046880413896722 2.0761021711573795 0.8785947672959076 -0.6704488807639362 -0.12658543829579585 0.5348051519810889
-0.4304284294329636 -0.8916321020296111 0.4302717743518578 -0.9961842750195643 0.3180670425614753 -0.713065381575488
-0.31714302152422064 1.3457307413386776 3.1089493004405444 0.12462365803846388 0.04666820991050772 0.6407921372332424
0.06264777779754029 2.2497761486315238 0.3158723323089365 -0.05326186099540194 0.5512885962731232 0.19884541282766038
0.006298619752812337 1.081434371227003 -1.2481374619463985 0.11448552176230879 0.3409224812816765 -0.46299232888169467
