# Tue Sep 16 21:10:41 2025

# input dimensionality
5

# covariance function
CovSum(CovSEard, CovNoise)

# log-hyperparameter
0.589572406664948 0.7357939299277498 0.008863264090829626 -0.9838710818136884 -0.5684584271900228 -0.8884559358130268 -5.48389545401398

# data (target value in first column) u v r tl tr
-0.17985678653245327 1.0565727832182836 -2.5448122133764866 -0.09346976340873535 0.1663047615230992 1.0130241606001236
-0.8830162795129379 1.6898052489918358 1.2928372301601132 -0.32318427907282676 0.5056389474009264 0.277258109354293
0.009477869489320025 0.5355209480753867 0.09261057093120158 0.03325685541793373 -0.42287512087236934 -0.43202528266378815
-0.3588919264321317 1.9841521101477528 -0.2236552651158178 -0.42116389818192723 0.2583542407845719 0.9970458726532468
-0.3262148601385272 1.0109233956648684 2.6352453626067036 -0.45704123929248214 0.13252266058008755 0.6267308742865504
-0.0759545149841682 -0.15512985464978074 0.6370130223818408 -0.7625969344361366 0.4802464022689758 -0.32041945887752316
-0.12751875104897223 -0.1338068671326683 -0.8478354540005605 0.6958627894940805 -0.1854316954245388 0.5008705466685199
-0.818616672645317 1.606400956833732 -0.2832903423733194 0.36570843827953947 0.10900598901001883 0.4328713781316637
0.05805812733973213 1.3960191401800677 -0.8200409331810704 -0.2614061890360324 0.49291091092136413 -0.22239036843600907
-0.43309004004919877 0.39925859709883776 1.1108615873967678 -0.5909412077350341 0.4533567331602007 -0.10105276317389329
0.7789604721556487 -1.360630329519976 0.026361927981868653 0.018173730447439997 -0.40746811227978164 -0.41175829355082394
0.324229106237674 1.1319820106340872 1.2209059216801115 0.23566744211883792 -0.27732325961957727 0.5347352114820112
-0.6144940356327188 1.7319291930136176 2.36412184777657 -0.13385469690641735 0.5282076230847836 0.4190056329910799
-0.8143554911834765 0.31551531188496446 -1.4743092052139086 0.48686432126223533 0.2575630542961052 0.023972410228041936
-0.4578775013483018 1.5350286158065125 0.16791367276771713 -0.4417785380023502 0.4994637674828758 -0.2052384795417674
-0.6581005232188752 1.5022302420416975 -1.5414881266682472 1.0650284081423684 -0.37298931213853276 -0.23934477866559384
-0.812256692340341 0.006303584565292657 1.8974335844608854 -0.6030271728961947 0.4968095655829011 0.14611604650727336
0.1987131371660531 1.2689953167006396 -0.14292276253831276 -0.02466454495321551 0.477279249432706 0.49696040268973535
-0.3305169802390421 1.208260738513359 0.8830441088638779 -0.22242222667358774 0.22464483926352766 0.5071305738965074
-0.15478827310152593 1.4975334244914664 -2.215846602829842 -0.05320130481510926 0.5096920916028695 0.28772267672615176
-0.9015642131532431 0.4620365959006316 1.1727632363622837 -0.47538468811847295 0.13482579013576498 0.06465363834611726
-0.5124417790321948 1.2354724326787234 0.7289102190263114 -0.5425650139819707 0.48895698953455824 -0.2600013456212074
-0.7778895883751887 2.1370885515117966 0.2690956682401016 -0.12762771792981278 0.5127309729854632 0.43913869031246894
-1.0406344572174144 2.3843947448974854 -0.02206802646804794 0.006221112100080429 0.4119409282587727 0.4930995474964865
-0.33898421671325113 0.18536795849375906 -0.8810086381067362 0.7075082202697391 -0.4418356456327494 0.5297824251418753
-1.2099045781896258 2.2384216097654783 -0.7583130718514044 -0.19256443486576544 0.30103073172498784 0.2451898116459747
0.3165427505874906 -0.7774944126148634 0.01768529384476441 -0.011479155912760075 0.019868042719268664 0.025027887157542207
-0.5848176245645056 1.206170380188791 -0.8000581070993006 0.5965843206581779 -0.2612073091643166 0.5033163733876957
-0.17489934225991377 -0.20954343823611798 0.8308676131402642 -0.6012950443393581 0.4853318359262212 0.045746897344684456
0.019623451616589696 0.8084867375847362 -1.07557394308577 0.13587687645589877 0.4387897549927436 -0.16453962889152818
-0.7802363000518358 1.0069727088639562 -2.3415994563665667 0.40943752927733873 0.31415876363495304 0.4909758604028602
-0.6574360703239454 1.0370690241755463 2.2685305020261 -0.3754805413539859 0.5016905167490946 0.3350566049241235
-0.6713919059416682 1.5130871563140555 0.07101711105960601 -0.026092640899579612 -0.1350946650108605 -0.1491622295398592
-0.15728959511835092 1.6948881947994938 -0.2170983738865011 -0.39581202141704547 0.31564296343684345 1.1251633143794804
-0.1901620707629901 1.4911715738694475 0.26271491228955446 0.4452829395296124 -0.2519812923792687 0.48195498675214266
0.43321979833372265 -0.6506098016359175 -0.0069577534919418 0.037709369761285416 -0.38863601467443076 -0.437247305677317
-0.7864927744997967 0.2410746577333441 -1.5338236933753622 0.6668516206247214 0.03147576269423906 0.501907159054441
0.022730386815330145 1.642914525213014 -0.8175157227599991 -0.541126468128237 0.2183277332119917 -0.5365367303263738
0.12018218276099768 0.07846388739458716 0.15491486224182444 -0.7234326846136957 0.42254850533511645 0.06232230740893637
-0.8838043368668718 0.9006828938510982 1.2431591661482495 -0.6497239222506545 0.308879695030064 -0.12483440876737893
-0.4904791767317596 1.2878153676413169 -0.6193356661259856 0.5175855831458812 -0.21950782289825493 0.4976371431077783
-1.0558838922903635 0.2524123348517735 2.6216257800068843 -0.4938809834757296 0.5144085382661313 0.17212688424900055
-0.9156513429413399 0.907516937477585 2.4970328293649957 -0.4050173621022645 0.4963412812166903 0.24232884119809153
-0.32096297040050165 -0.18352906654646461 0.9484603812655165 -0.850451747760636 0.5267279366751504 -0.47857419966935233
0.3200785734353691 0.5428900423624833 1.423519540048316 -0.05483136032244631 -0.2794972771592863 0.5543369822529147
-0.48225002566763026 -0.5082290910642303 1.2848899744587348 -0.6607832917528486 0.5112513240867075 0.10426630448629344
-0.2547635339902008 1.7208011290696876 -0.3728778890419657 -1.0355918858623983 0.18953793082290663 0.7868744900933929
-0.01218299301951537 -0.020979922328895447 -0.08989099180254632 0.03964334601828593 0.19007159976692972 0.13221597168240629
-0.08051337479922563 0.1530407804289271 -0.6593057877681232 0.6472426887600186 -0.14373340417864458 0.4505351056035468
0.2748451614443021 0.5548362451871512 0.31152398794111624 -0.6677768549835199 0.38226307093348566 0.5051599423474897
-0.13738679863846062 0.9871855955103837 -2.9463340557299196 -0.26449003658822307 0.5418267380756152 0.782167222330173
-0.3793300924820494 1.00143591913962 -2.203131508514738 0.17660789483204953 0.300121188999359 0.5013018659916242
0.1049520770570308 1.3289376887668425 0.7170299913809787 0.3538491515381281 -0.25550396661575797 0.49616175010191227
-0.5389212647968663 1.9980141595205183 -0.9646874715960051 -0.21541126316391204 0.4777924311128881 0.35087228227360145
-0.43720086616707104 1.7393556669271828 0.6595400082821593 0.2917071251120056 0.21150707038781985 0.4992121295407024
0.02995378868179813 -0.21138229642341844 -0.45707073203316845 0.7415820559801429 -0.45352884142771915 0.4753637593176501
-0.43945070847330814 1.937223300860754 -1.7850070365275865 -0.12510671684003877 0.491137472140562 0.28561894070190696
-0.8080989479529206 1.1059474609095643 -1.2007298649353164 0.4867519934147531 0.1097914244593989 0.492650513022376
-0.27447503273499646 1.9166043453557693 -0.17348758773492767 -0.1813184392024036 0.15742518896786958 1.100147123835338
-1.0198282423739382 1.561935480040169 2.718852683053691 -0.27160512135858633 0.513072462772884 0.28384804860940765
0.6814703854933516 0.39371571713261083 -0.10217542921391788 0.01784545030482471 0.44724822291856414 0.4338470553203343
-0.29820683547718574 0.028534690371262512 1.0540411128353606 -0.6477431658974006 0.5186845780381214 -0.24610522883434202
0.06252379128486579 0.303015919308694 1.2545812822516489 -0.2567969489495899 -0.16080543315928553 0.4790115575210475
-0.692760230374569 1.2623035944675152 1.9798821902879458 -0.34307450873134754 0.5080700061676998 0.32031394592812445
-0.04483155586788029 0.8085847208529952 -0.028915210850200962 0.018407784217477463 -0.263989464570425 -0.2742739887090311
-0.8113804083559429 0.8829518508944056 -1.726433830471693 0.5306122373957447 0.2795987379996251 0.4477661870161659
-0.3822489483030317 0.3024992234822108 -1.5185901861800537 0.2793577213699888 -0.11017073054956798 0.45629826978438065
0.179956719163918 -0.19382706890246235 0.09707617247270132 -0.8928508091567151 0.5354857228417376 -0.5378607779561443
-1.0440738451056104 1.959663003673533 1.2377302620258763 -0.07245903436223418 0.726947036546556 0.11349786152519138
0.10660804152843599 1.2606794486552084 -0.4056223722428067 -0.19380386690078225 0.24823032660879377 0.7984185659421766
0.21414106433818617 1.3333727584476487 -1.3401376562321035 -0.20324135454020392 0.47987178533491737 -0.2170300337771689
0.3155461825940124 0.10260839376168793 -1.4221208129111549 0.11904145965759402 0.42270716535321595 -0.198282054426398
-0.5384908638134318 1.6451146051811385 0.47388590619102844 -0.5534017609208151 0.3720217095877925 -0.5082910217022903
-0.7972480403178508 0.1075804949617925 2.857837869982609 -1.2961068066711368 -0.22065848137913002 0.1604462975785678
0.7713218844330628 -0.9865969057100739 0.015928347047162235 0.003263404124631769 -0.18283396727017823 -0.19019896557797925
-0.7050862866233716 0.91091309365558 -1.0983294433624027 0.9786395698447121 -0.480995075517662 0.2277322500133122
-0.6359463558430855 1.6136297700888993 -0.45511930529611627 0.5555001233600921 -0.26491419003642497 0.5114621263226483
-0.7548518388378488 0.37551158598863527 1.5353164810090278 -0.3967396078715294 0.03338809030822847 0.22306703956995158
-0.07592394758846548 1.6128689396078755 -0.5342372501552309 -0.5646367781217405 0.47846392721933767 -0.25083029403055557
-0.8262826761916366 1.0299026178839206 -0.9506804671905169 0.5484743348130721 0.2479824128656992 -0.13783052603420487
-0.5828894113917126 1.712329394122837 -0.49902238471356586 0.6754144292785789 -0.6334233986032689 0.17415201478913647
-0.4439208483359388 2.0020304608614654 -0.46992542300437373 -0.7564419873386332 -0.36458708603369927 0.4739249520082567
0.5127881694121429 -0.7536446460979107 -0.019041215250487478 0.0594995234914305 -0.4063088098434645 -0.36737027283141604
-0.5402568779458164 1.684504814405553 -0.4383226557209168 0.16729298899675077 -0.2810660826858519 0.5191388517680536
-0.2557729306165968 -0.019640978335683693 1.794720470846631 -0.3897488299761037 0.531835767185445 0.267549515960676
-0.29837337394489294 0.3338214343104462 -0.8540877973889879 0.727346226816542 -0.3199612190883982 0.48074506169216413
-0.428809642427259 0.9430186156578677 -1.4944462481539125 0.5370881638296109 -0.44838379811131446 -0.16793112664340454
-0.38297191369229117 -0.2669772976397977 -1.3768309491798074 0.6130951245597055 -0.056452271136552976 0.5626134978120344
-0.6323743555349398 0.7560638254251105 2.2812817114211463 -0.3752993071077732 0.4927420899551669 0.28243500706783164
0.8559239451195961 -0.556301666621803 -0.1607542047879235 0.016560615599603336 0.41444042360497135 0.4606522432982665
-0.649752235575707 1.8201892769013965 2.495208945416898 -0.21080326739980887 0.4707193671738886 0.48571575941256834
-0.9812548978628706 2.4711221047161587 -0.027033252675071815 0.049090018979124864 0.5408658831251322 0.5411069844109897
-0.5952198495591637 1.7914366551946987 -0.006870752495430675 -0.4805957186986115 0.5425841811468304 0.22390677487527672
-0.09355585035521714 -0.4412087262124055 0.6002794768531614 -0.6906192820065569 0.499943463510471 -0.5094569976008811
-0.40272959996867475 0.43015411895113437 1.1556908653724258 -0.6717190878565635 0.5317251258296397 -0.3232260465162295
0.3267869986258307 -0.8825676881992056 0.20787918288734877 -0.04486417088761861 0.24162937515206273 0.18865002004691936
-0.3713952142081089 1.561541800571188 0.6471635879342404 0.1259972662646809 0.14582801460470915 0.5500617337990803
-0.42436446906442843 -0.21604552653202774 0.6286147024383569 -0.793054500380294 0.7356295588310142 0.2708294184179423
0.33641935231085823 0.6216049341105958 -1.4534920397527804 0.025006156513693697 0.5730637154663909 -0.23037526648316625
-0.4144426357745845 1.146352962281804 -2.2709396458547007 0.20750332559329354 0.4138811012781185 0.9422975161920264
-0.49769217310200925 1.2502845083948086 -0.6450443489245502 1.0029888131045392 0.6495294944815239 0.8030632432876246
0.2273670687335349 0.12086638850102407 0.1783303803024919 -0.7344618220370644 0.45250351621059376 -0.42771200110925867
0.09785322429342509 0.2692020405688778 -0.09731876512813752 -0.07200364430698215 -0.42349270451570964 -0.4055428466710352
-0.7173879319018139 -0.7141307522051712 2.033088474416936 -0.43165712124397737 0.47836486824452296 -0.020149799799361465
0.06657357692916484 1.3553168293660682 -0.5551594609550463 -0.3728076546494754 0.5255801991917418 -0.3176233470169722
-0.6884648896918809 0.7774406798686632 -2.509733828749018 0.3924957607382643 0.30813575824902617 0.5012886508707053
-0.10826324560330966 0.29087920848405097 2.868273227830342 -0.432969690271349 0.11650527504049252 0.6713911271729116
-0.6810375654847061 1.2510831433022938 2.485525194357552 -0.8911831847105355 0.2046881728595209 0.6681204683167
-0.28495879887016884 1.9280003765628262 0.8145084580742331 0.3341924954612726 -0.2810371980765916 0.373605363634695
-0.04184856012504445 0.15040215603319187 -1.4145649813101813 0.5034282903286417 0.5081008861803157 -0.31038049234755494
-0.739432059163283 1.177858304103241 -0.9527289996420537 0.5461598270231421 -0.1275238605449707 0.2292848617733513
-0.3344425188034079 2.308204327636644 0.26809132829081195 -0.2063551458930582 -0.8420343118003325 -0.1903917102115306
-0.3500556032389272 0.8835930183740843 -2.4953199153072245 0.2440725987706949 0.5215603311485422 0.25403892596634986
0.19180474961462257 1.423489697439405 1.2666985042896388 0.39929696832996203 -0.15703689561836778 0.4934223297096746
-0.7749724312173688 2.0670914534812597 -0.0528094601551668 -0.10020556755252277 0.48644060170188097 0.3089631620912477
-0.06769086605478757 0.3656096994431717 0.6447412710741115 -0.5084901155206836 0.5724281458535531 0.019686716093926734
-0.27194330887902474 0.9013536778659044 2.4251679477483425 -0.21067474546878395 0.5083236965746225 0.3640523549815351
-1.3659900371841922 1.9972637870944394 0.706707023442146 0.0037097578602332867 0.16670631090846152 0.20890306690231292
-0.554484503872603 0.38604847370517403 -1.2349095845856448 0.9875517429021325 0.7050378183491272 0.2939363264984452
-0.7864986023672056 0.8724321256474734 -1.4271013464314464 0.6472939466440533 -0.0710169374285806 0.5545549752837603
-0.28185690264598545 1.327017803753768 -0.05658638958644683 0.6270556981841758 0.09888559744611466 0.6315291849264367
-0.32469861878206685 2.226071394472814 -2.0714645195440364 -0.35950687052588187 0.8402406963028601 -0.1271167113941853
-1.116076340416403 0.5239672558984994 1.3720038010589044 -0.7245802970023154 0.03203915615918195 0.22114426038870014
-0.7140494703283766 0.710429451231469 -2.2852434313400702 0.4306943410189969 0.2550374104617231 0.5271838499886586
0.18065079092975303 -0.12916759846545375 0.034095304144524 -0.917718820995119 0.35206297264822917 -0.273411504643111
-0.23485745867915683 0.6432740372843856 0.3267121652195437 -0.6757591692348518 0.33281936004360474 0.18557517913161625
-0.8823531403334817 1.1597819188334795 -0.5903049396235626 0.9098935063030666 0.08494419305747651 0.41048161549307893
-0.758737560413895 1.47271150683793 1.6348538492007914 0.1630161112828929 0.07598613431527759 0.07953938316902465
-0.541836952174498 1.2443075623442132 -1.6913662504525522 0.4703977845609365 0.47531595031391244 0.5078531216195071
-0.8948766711648959 2.0421316260212268 -0.04139297320218798 0.21567119586624353 -0.0465369334311223 0.525484947238577
-0.18696906171169367 1.386771389180284 0.29948851700731116 0.7865085426927698 -0.29760523588459564 0.42154692625400747
-0.7978941587090477 1.3746074747985069 1.3056087030143846 -0.56877007571604 0.6050851656447428 -0.5617993483558407
-0.7667804738896687 2.040145218044125 -0.31654476057241265 -0.5496472002521355 0.018950847199850435 0.7059802300654354
0.2638632800198216 1.2492812503063193 -1.3406824725992947 -0.38972314428354177 0.6264801201667473 -0.11828064917870018
0.168019085127423 0.8412742862845458 0.6950031248512513 -0.38598334565279807 0.5232112772922599 0.45147130998654894
0.09669617724632878 -0.474496943805126 -0.503245570305962 0.8246202790883292 -0.008869879291105425 0.6126295291882046
-0.7081823782131321 1.631041900596336 0.33324222413616456 -0.3489940375038203 0.9872327250677284 -0.17841383880064252
0.4741093755109559 0.5546241588958697 1.4678100743266824 0.1297339428865591 -0.24883831511139806 0.422598586224333
0.07853484860737502 0.945496223613661 0.6475096019789468 0.10360769289073309 0.2682326811485854 0.39869924971289167
-0.008705929773700305 1.5274475517465678 0.055553620003334026 0.191177303945757 0.5471163235409583 0.5150698807832151
-0.4538308385885681 2.0027238597018733 0.10788219768426141 0.08200525630103733 0.48343700713806725 0.5528935569558083
0.494261499218572 0.41051759235082946 0.013936469045234627 0.07563736799043652 0.5799423142114735 0.6028891326900511
-0.8430793478484208 2.3694107163895337 -1.2376696436529633 -0.22520172681906755 0.571353296820303 0.29951235794444375
-0.23427828868228517 -0.37632716820071127 -0.7045002957297968 0.9375277242237426 -0.4957411074512745 0.5131782753303094
-0.6104828386164693 1.4933165396752421 -1.0131942318672111 0.13943865239974051 -0.5739723241987748 0.534522249539043
-0.9584871913290522 -0.3837451843748368 2.758279099213365 -1.0804285822717972 0.9204644139963347 -0.11572466131608614
-0.36659225087563313 2.1526991477044124 -0.36925418520323494 -0.5519345220518285 -0.11149937334079757 1.0064165654736572
-1.0486480710890347 1.246671471760087 1.6364404863979942 -0.47547622896282143 0.5085826450850485 -0.13094147627060432
-0.5218885388980281 1.635269915938955 2.1740345056711083 0.02792822945146557 0.3939142453029875 0.3043001309626716
-0.265627080811879 0.8909541690512639 2.8045536214410123 -0.3985182791772606 0.5196311890405569 0.5418277673025506
-0.2522893460838462 0.410134172838667 0.692612146733876 -0.7797360089283923 0.5126328912863813 -0.05456071571784391
-0.9734221346463369 0.8026060959977989 -1.2590243210369043 0.45506247666362837 0.07937154304678143 0.08468447695224693
-0.4533971122754305 1.959769657802489 -0.10551203746465734 0.01752140812048851 0.5045872665357215 0.5429388482347506
-0.3775717911506773 1.454856821130191 0.03262064615160378 -0.02578574521696746 -0.3766248739692499 -0.3700369111200793
0.56004090108606 -0.9070136995716583 -0.032820923504733396 -0.12638173575352124 -0.3968671819089781 -0.3913509631067003
0.041274077773133674 1.5523260582503842 1.9123026561968297 0.01879721799038012 0.5968557685111088 0.8218641459540129
-0.2509576402723665 0.1194257032429707 -0.9668296934036957 0.5445458901805208 -0.6335531276889368 0.3666640883378139
-1.0826303572994316 1.6187607966064175 -0.18562020889710737 0.025320137374607043 0.07603292839155544 0.04437832150724212
-0.5936283202744529 2.1986907626356036 -0.281801312026772 -0.31296362252128745 0.6262931756338268 -0.5444997768747767
-1.1350152017444664 0.7912962173147642 -1.7939527292178843 0.8115198546704355 -0.19020270129575487 0.34907001883633954
-0.09865497662016905 1.1536823555376867 2.725549374341242 -0.5957863997313849 0.12185871586382867 0.8983334919782534
0.6382930516740067 0.8088029667322748 -1.2609119292274134 -0.3118477844456102 0.4612414434310489 -0.3491340410307129
0.28030784772683565 -0.05319236531399424 0.2066442041505677 -0.07122843469395311 0.14823693292585757 0.4106888626697738
0.5974156220831089 0.7093421844223095 1.1246881303068106 0.36171712574228027 0.02769740485716384 0.8286918397377053
-0.09736099149863872 1.1845020744923471 1.9464822823706351 -0.35303577993090357 0.17221081343878367 0.7598772125366514
-0.3652025888039166 0.7207059937897085 -1.9536753185235525 0.4034496135693665 0.3660752885774773 0.5655052794539327
-0.4232649656216004 -0.3571714775612798 -0.9992373992326017 0.49304983971462096 0.07742851324025957 0.29378523976799253
-0.9476044590691725 1.361826519012946 -1.1314718054883466 0.8126019154208136 -0.37108304828592836 0.7376751640481449
-0.3402538003950953 1.1369471542518665 -2.56864484111176 0.07549531306702786 -0.10740328105539022 0.9345354549024386
-0.6414952743585739 2.0104302009981954 -0.11316524688140266 0.8292819746019878 0.4698053428767491 0.2821659820341627
-0.2604795654697466 0.15053792434284205 1.5307197824479712 -0.4921705942430524 -0.192692523293652 0.34883844596736047
-0.7981392011223475 -0.5366340657253713 2.4860312085127547 -0.7425518175368949 0.4382332558704628 0.4155511136434158
-0.9731957999749572 0.9563518858234206 3.170624221963138 -1.0670181892857584 0.22342328016503102 0.5375253011764182
-0.04284355724313665 1.0025231171635214 1.0071345165568806 -0.054634844396771264 -0.17297114564368887 0.38967646959114816
-0.20343577992912115 1.7406024300359193 -2.485644885034609 -0.6371227989013608 0.3068473266685613 0.7506981398476119
-0.3446571970968203 -0.393973519343282 0.9414214876549815 -1.0610419572223244 0.3191880442836866 0.4030383631060358
0.38763781595968533 0.9894577045790722 1.5936855180258738 0.7643097865604549 -0.456868363696249 0.33867753355842045
-0.8523433283850743 0.18760528763686463 -1.1771076770407098 1.0181216324679885 0.04119545989563414 -0.25957663190498453
0.35290258602742897 -0.3491144645188999 0.11721533811266215 -0.022508582212889896 -0.3854088032092229 -0.3713683962977443
-0.1677024793023138 1.2512024232386105 1.2486720804238518 0.0182591836905782 0.7242019269846706 0.5037163183412458
-0.15245341994053171 1.043483885175931 0.5337767934282268 -0.5057181183202786 -0.07715183824832625 0.8663629367578534
-0.9570978895516623 1.7312295953840005 -1.0382009039972804 0.4561406103767945 0.1725656154173979 0.6077409689246294
0.1395159658454541 0.5868232044554532 1.194529972833499 -0.16135876977242664 -0.4915811853429229 0.46006581455869827
-0.569856858365474 1.4027518109798383 0.6474277677838036 -0.7227704219777239 0.5365072311176752 -0.2892193696785571
-0.5137798815914392 0.5871600073122847 -1.3518091515727149 0.7184139159420669 0.36022697634923667 0.5687185240010408
0.13644447478423105 0.3071930113992245 -0.54487598302106 0.4380912521147061 -0.21781128111579856 0.6735189227649856
-0.8893649302220703 -0.6017996467268147 1.7755801883137434 -0.710460299875079 0.12019950995534476 0.2458936048720386
-0.10217591878849537 1.6836580984555334 0.7323485545795169 0.6003794610211696 -0.27103505418287116 0.6557858035866325
-0.40514690206271925 0.17863332363032308 1.253524942010945 -0.6704392367741364 0.41930724699553507 -0.49930535186621766
-1.5126215132176781 1.6858844588693864 1.7343099376322526 -0.604749666642489 0.3165706094658154 0.27474182863902125
-0.787165548674954 1.586193795454246 -1.6539414522679705 0.2444344481102881 -0.35262762101768647 0.36805577509963994
-0.015379019762592932 -0.18006899798160544 -0.17551980948925305 0.8954784782364993 -0.5646122642136943 0.5212464222429282
0.08003511137106051 -0.6488594877829283 0.1870989242286105 -0.08026766528350919 -0.5894707566910014 -0.6096587754422571
-0.7832832941932083 -0.4345437795887409 -1.6527586393186515 0.7716921686982579 -0.1469364565340352 0.39470134193049705
-0.07951964212975675 1.2937497765122046 -1.8615312186613269 -0.06291669617510456 0.08836783916497984 1.219526753477667
-0.638066931017889 1.8761580471563049 0.7824026843456537 -0.646227047463818 0.41800817452453193 0.6602686414743647
-0.07977206317628414 -0.08009065741420932 0.4027010911571306 -0.9962425843890294 0.38508711756077263 -0.6852751920617647
0.2143526568219868 1.397826399927545 2.6076484316902735 -0.0011902500801235878 0.037114242119858115 0.7308322353031491
-0.9854835845163123 2.165756212197759 0.3122843143861758 -1.078549615391802 -0.12109446078305125 -0.018720097514655677
0.05667730961727161 1.0470621282987405 -1.2070498394771607 0.15229555350749108 0.5081002271123304 -0.3925400558911263
