# Tue Sep 16 21:27:14 2025

# input dimensionality
5

# covariance function
CovSum(CovSEard, CovNoise)

# log-hyperparameter
0.7413265414397034 0.7496766401727774 0.2426355756039316 -0.2399629364796278 -0.03880704461530749 -2.536134125571811 -6.307625756845396

# data (target value in first column) u v r tl tr
-0.13339054551884158 1.1072379559670948 -2.34159227361958 0.5729052316588293 0.4316951717552514 0.6688979926772194
0.08631667883800881 1.2020665829067692 2.2857317398260117 -0.37764209267115806 0.5173921807085936 0.34249216876808786
0.040095604655046406 0.35439217124743183 0.01812432503127222 -0.052662231875579085 -0.33005214865770083 -0.3613559551662788
-0.14189268696776425 2.3647748912844153 0.008628516988928938 0.10943938830552061 0.5875585278952719 0.45279020575427825
0.06999435257247778 0.9586019922709477 2.4433319173628734 -0.3994980645713175 0.5094760209564388 0.2929446151803022
0.29035876116552234 0.001013495953771806 0.7062565315152425 -0.6761234182689704 0.4917692328954181 -0.33120975968715416
-0.25181415971837384 0.14158763208789676 -1.2557544738924773 0.6011824842670305 0.06514206792006516 0.3935458876704748
-0.08702871269736105 1.4981595192340231 -0.5130835178298923 0.4095021814230446 -0.0839128877778955 0.4832251213438083
0.02384656474473498 1.2647282628075545 -0.9548243622858092 -0.23683411153425524 0.4995784586946555 -0.11623508809181786
0.1930588402511624 0.25198339751961607 1.0684465145874948 -0.6013044623358338 0.515407273429589 -0.12711713867140048
0.0464841755117783 -1.1699763650732433 0.03501650216913377 -0.10109250008409294 -0.36316863470491334 -0.3459106545170473
-0.016869833798267186 1.115321155437787 1.0641113092102759 0.1885979295285338 -0.23873373560335945 0.5168862078675699
0.06379484200055513 1.2593875956929466 2.308646011908202 -0.34537172196983246 0.5294849168668808 0.334358460006883
-0.19576330660717 0.7071800729284272 -2.1848088319984047 0.4463901303763671 0.3294105559139829 0.36955618362237314
0.12105861712846747 1.5947220068210155 0.012661825791191513 -0.38899944285024785 0.45463142673805007 -0.0628754922874545
-0.07797285019780871 0.771595778459097 -1.7924387380696145 0.41392189085921705 0.2435697176627962 0.5161753822104781
0.11809413069802233 0.020718127098170547 1.933289575280226 -0.5314851004820649 0.47037096840398673 0.15707578992027427
0.008139647848470608 1.7155888204994116 -0.0513985705520828 -0.06669591278013931 0.539842000203962 0.5270847466503076
0.20230488038779992 1.260765516357486 0.9188057720646692 -0.21447195527217575 0.3168339247619608 0.43654839229402065
-0.05147758808439164 0.9894890514293382 -2.3041113212347324 0.12645105062022138 0.38989088182035003 0.40560847350413826
0.2482895211211385 0.5088729720717862 1.280281172253159 -0.28365301372677115 -0.062457457474777905 0.3618806426072127
0.19148859870603635 1.1396066647835574 0.7391772801041555 -0.5413593073095914 0.529074502719797 -0.2141918129440574
0.03888137993284823 2.0239597294081926 0.12444616241933246 -0.09637945002061228 0.49873228162814065 0.4994406388800905
0.052516761591252396 1.827463080616743 0.1010382245415854 0.12430102436245659 0.29882599281404043 0.48264125357516197
-0.30148344066652505 -0.012618418192698053 -0.7696477310587464 0.7681027141660898 -0.3198083379521107 0.50706803559793
0.04931403200661445 2.1770029886545776 -0.09174141750410138 -0.11153054291460636 0.4761548493143607 0.4757234087829195
0.004789029552804639 -0.78897348206987 0.13658727538146245 -0.002600421370145501 -0.1491991443761621 -0.15248677021237358
-0.2439524008612013 1.0175859892943406 -0.7415354536378281 0.5480335766190465 -0.2388705009667157 0.4524182447369536
0.1805871327044043 -0.017081295346635588 1.0391548999048181 -0.5757790298452261 0.4758465328356371 -0.043926004989529366
-0.1372365289332103 0.803803370379067 -1.1091490351966014 0.0735640185868563 0.441399209593442 -0.15502758364041805
0.003240927276791533 0.7927788622036757 -2.486494757832355 0.31219862820333144 0.2716323630978375 0.5751584291394927
0.08239663693927754 0.9673253107824229 2.30427019775657 -0.3895736650932071 0.5228339931710552 0.3179311010797648
-0.005518191882637113 0.9128991552775385 0.0682564072315247 0.024451244994173598 -0.2838691021013316 -0.35889901611129793
-0.020682963953194838 2.013817560989282 -0.029619447035573163 -0.027327970003811392 0.4717201777755869 0.40451756683778267
-0.17812874492852138 1.4325281403024228 0.25852905856553454 0.4310068903116465 -0.260188003003778 0.4717060589675551
0.009482324470305545 -0.4455388319461954 0.04851089802831655 -0.04472159901300484 -0.46223132852806537 -0.36023422429706986
-0.17299605476836197 0.40536759336107364 -1.617816538842898 0.5880197630235023 0.15016815269079975 0.48560329502008837
0.21697417619364112 1.697000039364534 -0.6619123291517339 -0.5616393547623953 0.5335147648983 -0.34721075038554905
0.23046380181441845 0.013736162717609713 0.4296483688511277 -0.6084557724672661 0.4421924092229829 -0.05004123104148852
0.25431682027216357 0.9589760399013021 1.1607247138660421 -0.5987932980025241 0.40530199478333906 -0.026549552030933222
-0.22603239949179907 1.34490634027228 -0.2193933262205267 0.4931770563090895 -0.3103358551934902 0.4825149394447612
0.06967410668848739 0.6883814215643912 2.4328872673591095 -0.4289806534656501 0.5306762922027046 0.27895235985100697
0.14487314136394278 0.9408199596109648 3.3161393502760865 -0.3542281732128814 0.04281027377610934 0.5284899377274319
0.3434629429246894 -0.5069299090377927 0.9959409144109963 -0.8830901903464248 0.4513452172192224 -0.4935000254047844
0.007047657813946531 0.8278161786616486 1.450068989696384 0.07553983296501335 -0.30968140163956853 0.5102184203791538
0.15460352558346008 -0.24962555063972255 1.454316857856659 -0.6335126288244309 0.48312540168561896 0.022683022706930726
0.053798292447888627 2.6036116218088603 0.05970440758287567 -0.01889494060322458 0.516263437467769 0.6392575766673039
-0.05654429323284793 -0.1344289581418668 -0.01692356446488403 0.08088359258326065 0.2021113467024977 0.1752115304889078
-0.30730693133943665 -0.019142981991935842 -0.8386155109162348 0.7172386501342277 -0.27131261884200036 0.4564489651458868
0.3228259708063034 0.6643093393108017 0.31839276339534245 -0.6519316960208649 0.48166068693271685 0.6077103504366629
-0.06493182599846928 0.8205521812011055 -2.6026120409615356 0.3061321571908353 0.3005448963920534 0.4469858866686513
-0.17974660451841215 1.1732389137313683 -2.2072930568275746 0.46339500126660377 0.3185997288968732 0.37510546662332794
-0.10402162335487311 1.3524066383146252 0.7572958721041977 0.37052882430439205 -0.21513025702390753 0.5133569140055901
0.028775585575642137 2.166138627991882 -0.7888116317981493 -0.15418583810669736 0.5181246067697677 0.44572670530051334
-0.05424177509605517 1.7670489434597663 0.7759191787995883 0.30834573644700214 0.17914524552327105 0.4240751232061456
-0.31026419080409023 -0.05599167092519077 -0.4702614380735075 0.8045748802307906 -0.3865895621716687 0.5184073608755658
0.07767911801718816 1.7500948541418782 -1.790261285167296 -0.2634233221189232 0.47935164744023034 0.33852337290508694
-0.16230986257880467 1.1428035205448215 -1.050419173803832 0.7298133834179543 0.10364800597754516 0.5524113992091796
-0.10034913394212784 2.417016453870012 0.0653243692494516 0.9149375933991881 0.16933803818293633 0.5731102292456782
-0.14357875778288742 1.523044420808561 2.6080042126952385 -0.12480583290888884 0.1037612364781571 -0.14097819647327176
0.051642688789871834 0.315763671088558 0.10046412801332268 -0.047057975360883866 0.4133785132313494 0.47121881154715245
0.2903140800665426 -0.04110757796402255 0.824990814188011 -0.7038079622909504 0.49536007310176133 -0.327824627273464
0.12037208591346091 0.16304859272608047 1.3807396530659308 -0.17165722070023684 -0.3808030526393799 0.45591906924824244
0.05062812574139448 1.2023995327534314 2.1492348161134562 -0.336921798605434 0.4956568147337532 0.2706349337508152
0.03387606155734254 1.1806009814417466 0.3801195461940844 0.18928912961887442 -0.5394806307488376 -0.853557134933005
-0.04277913238738472 0.8368188444973663 -2.205143907110562 0.37445933844355256 0.2676087879716702 0.5431883730665722
-0.014841804432082157 0.3378001845872372 -1.5989770006522468 0.5156591492724693 -0.17185172570576826 0.6770666884534152
0.3607416843783066 -0.19985790704228737 0.24378099556820412 -0.7188393561329269 0.46488111276793914 -0.6131665266945077
0.017671797031706266 1.8398788209840717 1.404406006126793 -0.3100550952449754 0.5868973557228635 0.3716593717572629
0.043788516061390406 2.27608134003816 0.027538712292224293 -0.02369282716082737 0.5082987254724904 0.5882685102347723
0.06217924044435521 1.3640467621622467 -1.6903399832847437 -0.1732695943123547 0.45469146566464735 -0.3277133384360384
-0.11664207525009468 0.12241282724552922 -1.3328784061470995 0.09188279348094323 0.4093264967488168 -0.250163117092492
0.3685737691632576 1.267716786725805 0.31935676974967336 -0.7149864469267134 0.4433960468407828 -0.28126095413110114
0.07636685665452025 0.5964520779640973 2.3846554232849053 -0.4139210808113968 0.5072414098759841 0.27391766921454835
-0.017055765123460347 -0.8795283179645969 0.009098623437171993 0.03397777299295064 -0.40033509096070224 -0.40257496512171775
-0.4844788179539077 0.9811377174459152 -1.1093688941632585 0.8073418337098986 -0.49456971793102417 0.25594319988987985
-0.5538645857677666 1.4937727077426963 -0.05019628172327123 1.136633003043966 -0.627385762041598 0.10335727512780177
0.3069173918954255 0.3447216042841684 1.4020488415788623 -0.5164356056951358 -0.1319886014093342 0.16025766592067545
0.15254505876455468 1.4754940826870466 -0.488264348193454 -0.41871291161465485 0.4893624961844857 -0.2133791986876689
-0.39879257988937233 0.8369581312908106 -1.026039243257158 0.5663154423222482 0.2906742483610576 -0.0766033471632192
-0.12099351390061226 1.6282911330774794 -0.2754763569088117 0.4375640565276873 -0.1948191088352321 0.5118851611699208
-0.244565030994994 1.9392631335718205 0.2794020376615171 0.36114654229540877 0.053273580042553385 -0.2415761547847037
0.009789457413442313 -0.9541793186997188 -0.07710980922902434 -0.021532890560340075 -0.39112341395758987 -0.43090800114051453
0.18196636710240405 1.9008092320761054 -0.3496039815719029 0.1572752562032324 -0.2237758769767354 0.748581211661731
0.09516231762641487 -1.2692963005649145 1.5720903862770086 -0.44049436933951924 0.3421793169507105 0.0529548123214855
-0.3067865276777369 0.06514788466748513 -0.8086304259075989 0.7313169339675858 -0.3600609298958981 0.48751038570202415
-0.21707478740673009 0.5858325229908009 -1.3347777185302367 0.553086943980995 0.08948037185163864 0.3892326319405421
-0.05630006483217314 -0.48822455839169654 -1.501921470283176 0.5177924463461601 -0.12119693901506319 0.6461531820839199
0.05380694829603241 1.0571052883337326 2.4734043275269157 -0.4381229600491819 0.44523308508981196 0.1964893777399049
0.03411003539966548 -0.5246942668038478 -0.001084315577416174 0.011856989057332873 0.4598795452255973 0.5835608711119594
-0.04456485431927864 2.049776183808356 2.544944916235036 -0.1379308986753129 0.5517396055316831 0.35708235437079133
-0.27111605651118537 2.176244482800322 0.03737174342718678 0.30342869191059796 0.5487510033348847 0.2805633394277072
-0.09220107008406439 2.1040282002327952 0.07239021824058581 -0.07894701347531485 0.5796454605916272 0.3796938249216914
0.10688456197284096 -0.48273424969968753 0.5183012399669239 -0.7369556799992043 0.7075178190129557 -0.32794527818674035
0.4421180138762881 0.3217047135920351 1.3019988507540738 -0.8278009788127308 0.3814859301373824 -0.47498690244437225
-0.032582322198757674 -1.1669582690052502 -0.15335153524938736 0.05188265879781687 0.12014782416284134 0.10912581043469291
0.07159787789928698 1.4682103119785228 0.6413504703297562 0.13151944257633408 0.0032699627109744464 0.4685713012644613
0.23321018401710278 -0.38694702153680166 0.7759931365194087 -0.8494621970335754 0.4477220793253237 0.1417173328356088
-0.017367954752796278 0.6861538963626381 -1.486775368029281 -0.250571482070695 0.6258297017256621 -0.26024705355187083
-0.3604336786206294 1.1733239771899089 -2.330246154708335 0.8596410471543998 0.7338997001825536 0.7322014138157553
0.1110038211431948 1.2217248574156827 -0.7730186174728877 0.19914844806162735 0.4649033346071016 0.8117090847612415
0.309090172776686 0.1707632327794979 -0.061001227712000325 -0.8161073465146096 0.4768676305742467 -0.1321392215201748
-0.12044901399491315 0.08891132256528039 0.07158489355172239 0.17244201549396304 -0.48693376283377626 -0.3854173170403132
-0.020074768481580012 -0.2253473149992904 2.109785831981399 -0.31640181340741874 0.609937469858942 0.16234787903354644
0.10979846588695985 1.6825614661641508 -0.6693445282373807 -0.14625340699009445 0.31681367304832325 -0.4392833761698331
-0.4060707733485647 0.8103535502214232 -2.982138197967552 0.46842225227692097 0.6881931726208138 0.2576600301762769
-0.016599901129861743 0.3185643534904949 2.870303814282925 -0.18360667287383556 0.08495966762727805 0.17353995639734182
-0.007290725010097638 1.0516305340448315 2.772830695605984 -0.41848031731401314 -0.20138879566354126 0.016360931888106802
-0.281363430069504 1.7204537356370255 0.7317914805168184 0.6096796880173733 -0.28867420204449784 0.4270339072014898
-0.371263279918022 0.04126632609170165 -1.5936353307745268 0.5260089776561524 0.555337848611134 -0.3451163432214734
-0.29294364396698264 1.3149804769626237 -0.8547377353911346 0.4978807847318598 -0.15899659591503534 0.25233325593485123
-0.48199068653158295 2.5652794798979435 0.17224923729721625 0.8352954530687066 1.0227024378125098 -0.18859468237673854
-0.3136981939092825 1.3573462904136955 -2.4821427616036207 0.16469435063948376 0.7060289050695084 0.2431253013306321
-0.17052014894875453 1.3663513920243726 0.9335212508377476 0.08783919175081271 -0.5005290711646468 0.168208110696086
-0.34106718582816864 1.8473023293367066 -0.7535998547839847 -0.039053541510856195 0.8588810428294 -0.04245992486639538
0.10725884129825046 0.26157336824137434 0.7335657766857615 -0.8228320862180969 0.7063889139909697 -0.034380793558778426
0.06487025648751121 1.0504257554204515 2.5517921707617477 0.006158426232601408 0.06745913094744785 0.4591766736920839
0.008541482075569483 1.9577138142174422 1.4722134951644852 -0.21554901184227565 0.48192474511497524 0.33024134694983037
-0.5492103034998145 0.48409164253030573 -1.2160124192588502 1.4472359790482585 0.719108186487412 0.22888870920952775
-0.11470588009304516 0.9352646370527851 -1.1588838844834881 0.5040994515879964 -0.14863797721536282 0.5428618693483951
0.058134541538192724 1.6443015840548385 -0.28653752757271433 0.5542501407474953 0.317982092321342 0.7451037860655787
-0.12429270208106197 2.292384522889357 -1.9321473118976689 -0.17529540968650936 0.7033862749682757 0.26420711130152924
0.4372252410538369 0.6200402720542779 1.4199619397005945 -0.7401462987775902 0.07012943922250268 0.20513637838826962
-0.07560438140930727 0.9396926550684781 -2.2104414290506242 0.3614334909536448 0.27452870556624454 0.4693911168050226
0.4025772712679027 -0.3982944403248055 -0.08845111193244232 -1.0194217875426375 0.3872326891093196 -0.4657770241661515
0.34524265492713174 0.4689188590518883 0.2815743042936875 -0.6246665839093758 0.3340262972906487 0.3358285390864686
-0.2867661085270634 1.273346089476915 -0.5377529822656112 0.6707192899340775 -0.13797865643657237 0.41971804267297574
-0.28283966535377264 1.5948329226858642 1.5645720845437119 0.03376582237880545 0.674006317609133 -0.042124642825647235
-0.005898338921100048 0.8401752985243689 -2.5103524050609543 0.3653596715804162 0.2140870950264421 0.5427030437198175
-0.21513052513543782 2.155368987919726 -0.21741396789144746 0.3783196333892912 -0.2576114076412831 0.2930178792755299
-0.11015846881118882 1.310669840648852 0.14840829947428677 0.8385224221891364 -0.33668727740478527 0.8319202296000261
0.19073262690871548 1.3733093552833755 1.4612797545085563 -0.9850381458986776 0.776945545300809 -0.40856546076630273
-0.3585379120287555 2.5032288944285166 -0.18960992566868864 0.6124826330978644 0.3584122007540579 -0.09495916430619854
0.06138977811031372 1.4135310201659494 -1.1175416935703724 -0.305003971289915 0.49368848413112953 -0.049915408816926916
0.06489300093250125 0.981405524479869 0.4805803281412558 -0.24577712146862352 0.5112585455852444 0.38279248564512725
-0.2797165801165313 -0.4845538495451342 -0.680677805959718 0.6209862224462058 -0.338718203216098 0.3918041110311667
0.12372189719706908 1.8446818692869664 0.29796171834926966 -0.7924400923167113 0.7116030188316338 -0.11849708477688793
0.040058155049070204 0.5038067419077985 1.4877049372629392 0.09615615515902312 -0.1845711911685151 0.4834220577100298
0.04696731480673132 1.0155449406581598 0.20082720047806124 0.15507448859213838 0.3381724672399927 0.5316955070662468
-0.2745214609784282 1.203680381383622 -0.024797426807621262 0.14412439569601168 0.7187375969157521 0.4571108303336015
0.15806034081884326 1.7849419569640765 0.37664031274679566 0.23927847790578086 0.17896686099523162 0.6547129591792261
-0.3186753364023162 0.09893627116586595 -0.1639427997419341 0.23797316930398352 0.6338363221700607 0.21149064412529367
0.0968113398295242 2.4866863707909257 -1.2636177850106898 -0.2747556001061573 0.41789636680118064 0.23233615682390307
-0.3106207585950287 -0.25019018688959577 -0.7658989608293877 0.9519023116993094 -0.6958229589312077 0.41788051695958095
-0.22331402355688737 1.91178938095747 -1.0704457828837375 0.2282469828810348 -0.6525894899506599 0.47956225234864003
-0.029137660101326575 -0.06162786667941163 2.811103086163516 -0.6942392536173441 0.6419713495807514 -0.026189408331626054
0.10515563963365454 2.359783836798877 -0.07090964935641018 0.03135856432367791 0.28066642055347657 0.48879872605024743
0.15990828406920532 0.8624241112140252 1.2115416743741043 -0.4853372169204186 0.4578343667422945 -0.06924260759961363
0.03498113396381783 1.801620958077353 2.262945986769103 -0.2826671255206522 0.43280587041395113 0.31892644168112966
0.1579894035534477 0.7131317496615437 2.431984625942154 -0.21895389777431912 0.49516608816096724 0.49301162321853886
0.47731019666116986 0.4732923621531109 0.6065253235380705 -0.8297540025157134 0.36051472942391866 -0.34828280441730347
-0.11840965654502085 0.6276250036587567 -1.4175638386835758 0.19587991993263612 0.05567397876683851 -0.21299787412942175
-0.4652215151611391 1.833674575772249 0.33354894283741504 0.5506554950477903 1.0748993842418408 0.5326687836030233
0.09243895972479182 1.4171006950213747 -0.21316324084568325 -0.21327804291501212 -0.6013269479125605 -0.49652072496344785
-0.03238011856135263 -1.5193922474959536 -0.1368645007427673 0.08951037323340143 -0.581629646704388 -0.5051050457698474
0.056206574813212715 1.9858120577072087 2.6970529150555196 -0.07247663005430398 0.4656165848315348 0.48784774292533345
-0.13995827636090838 0.029665591220633294 -0.7785232174401113 0.5714561442448565 -0.689862274180832 0.7048586148879447
0.1071709810996023 1.6281070177448944 -0.06314509225647473 -0.15771151252757973 -0.11983938003655535 -0.0077729214170942675
0.11224449701628497 1.3877601805954418 -0.04067377744554314 -0.4078298272624058 0.7029755045421093 -0.5805127665098899
-0.2801861133548155 0.8492257031561592 -1.7847178058228168 0.7920983784422224 -0.24100242077708967 0.42998368970774103
0.024588723507216546 1.2584211254881763 2.7311548695458057 -0.016123447735991284 0.5774970494380206 0.42115447446486887
0.3276052810849574 0.7451145639735799 -1.1045585154078885 -0.5041478334011954 0.37700056353932165 -0.555519207837236
0.2547158933182809 0.052516526075279325 -0.2679992547397683 -0.26876704464145346 -0.08292064600167388 0.4239896194865807
-0.04239371669851909 0.6846517068562412 1.1008283085448072 0.33416254875010853 -0.3367919078708347 0.6540125044903723
-0.08574283158732532 1.1138508635556772 2.1327895599410938 -0.0006690202567642318 0.5428964113179146 0.25419060131537397
-0.3174570671196094 0.74208810714618 -1.6426985344232803 0.29285296878105904 0.6291631694070746 0.4384230199052315
-0.2070982841757753 -0.6525641287404396 -0.9091011216379024 0.8709018866557001 0.07355475629058729 0.6453148574042312
-0.18609961860223947 1.4381362024958262 -1.066862534693742 0.7506538199762046 -0.3246138862340163 0.6832827286605149
-0.35034088733784274 1.1999982482444516 -2.674457006126494 0.9603503059405174 0.6429139400307423 0.6459465862810133
-0.41243957289198824 1.655207276686683 0.7485274084441744 0.9510691878544931 0.6016608097230417 0.2239373770122777
0.38529322493710666 0.09543971482630625 1.5350616539657267 -0.43994425462036246 -0.08329573165045606 0.5972051368765771
0.14578978794822636 -0.19240761201746218 2.42720821245538 -0.6557182602121266 0.38643597367397503 0.24551454345106066
-0.18331381403205896 0.7060495342857002 2.9208571503714382 -0.053658482064128696 0.4393327361627663 -0.1878108316055751
0.21080771764252362 1.1857175376063074 1.0792521600195855 -0.029172863943563606 0.561126963399382 0.757518577262623
0.09391548707719413 1.9093904371560975 -2.4236919574621916 -0.06384759701670988 0.3423561020339325 0.44657105366623584
-0.11063260625953635 -0.34394392672853447 1.0479090782263663 -0.4021482491969962 0.8047302552480848 0.28328084635426765
-0.2737277232533756 1.0814212695463539 1.3776397862687955 0.46623305127110415 -0.14872381858917255 0.2270099473005979
-0.5115406524797775 0.39755558475423763 -1.7028490814049224 1.1084246615092928 0.028225075783660715 -0.33722639584576874
0.06960103832149109 -0.1885885114456254 -0.17523640585737885 -0.10467346683156571 -0.4969274156367829 -0.6082919049323594
0.20564885626971877 1.6302827012257366 1.1720682103984208 -0.5016058685563721 0.40602095368656194 0.27011368867367475
0.6609975785860633 1.298576943957271 0.5349986535823305 -0.5545864125665576 0.07668197047039102 0.8586814619291528
-0.38990587142393685 1.8295057828655328 -0.891075564272873 0.8120450757924664 0.4620035678355205 0.26915978964047743
0.3633724149339184 0.7181945391631793 1.2318948661813898 -0.27650209319576374 -0.4132479905003981 0.9822545646872072
0.30341376991519575 1.5826382303976378 0.7405489609102596 -0.4928023560055259 0.337732984489009 -0.48079256568605483
-0.11378530257770911 0.4309370925092011 -1.278944812813182 0.9659863340350202 0.04631171422092052 0.7520611889498328
0.01386119597489643 0.2722701476910871 -0.5513842186673924 0.5458355326844819 -0.07364126016449188 0.7650065593576622
0.07052122400182897 -0.48100534699349984 1.7856730069142386 -0.811276551755664 0.7148963559672602 0.4801604149779248
-0.07454258679525753 1.8476154981781574 1.0980927536258622 0.387200478635916 -0.49469864792982504 0.7989266646222799
0.16618684880319004 0.1002159742765092 1.261700137928685 -0.4892369436838394 0.7076735186454777 -0.6401668266540537
0.18192873632710255 1.5609149984053297 1.8559644985178365 -0.03333182449792964 0.30510143762700825 0.5694462081215973
-0.03743796807245452 1.4178891035635433 -1.5108854141752819 0.32494543913628693 0.1610567032400666 0.42819801050673145
-0.2241447255139863 -0.48577973636121574 0.009315326982164574 1.0437996274684873 -0.6811657733431906 0.5368154974571333
-0.03158800685966379 -0.9432611704133755 0.12456944901467741 0.12933458524301855 -0.3732583384664158 -0.5365708404215848
-0.30297576239236573 -0.4530386516399945 -1.7580411775311606 0.8215700964072071 -0.1753009704052453 0.33467656347509606
-0.18439175141475309 1.5471398472606939 -2.3081877819864167 1.1110568843620627 0.8431398753597444 1.1237730495865579
-0.31264277393347284 1.5760216238560465 0.7235834098309996 0.02577479936655555 0.7283350140947801 -0.03999222228570574
0.31941789381455843 -0.06472739265476773 0.2817639344129784 -0.9959774864017382 0.6621327251549078 -0.7347734977271164
0.37166196653908573 1.6565589769954396 2.4291384781783827 -0.1912982643659159 0.6629479990324951 0.932633509921884
0.16230949165130268 2.2285910039325914 0.18334029687144068 -0.33089241935577374 0.32582971831133 0.25831449628877196
-0.18131209184462949 1.0163800709778277 -1.22655502141358 0.15956534933786648 0.6613079917794183 -0.4866568982612619
